0.0260935 0.134937 0.32059 0.566605 0.851126 1.14887 1.4334 1.67941 1.86506 1.97391 
0.0260935 0.134937 0.32059 0.566605 0.851126 1.14887 1.4334 1.67941 1.86506 1.97391 
0.0260935 0.134937 0.32059 0.566605 0.851126 1.14887 1.4334 1.67941 1.86506 1.97391 
0.0260935 0.134937 0.32059 0.566605 0.851126 1.14887 1.4334 1.67941 1.86506 1.97391 
0.0260935 0.134937 0.32059 0.566605 0.851126 1.14887 1.4334 1.67941 1.86506 1.97391 
0.0260935 0.134937 0.32059 0.566605 0.851126 1.14887 1.4334 1.67941 1.86506 1.97391 
0.0260935 0.134937 0.32059 0.566605 0.851126 1.14887 1.4334 1.67941 1.86506 1.97391 
0.0260935 0.134937 0.32059 0.566605 0.851126 1.14887 1.4334 1.67941 1.86506 1.97391 
0.0260935 0.134937 0.32059 0.566605 0.851126 1.14887 1.4334 1.67941 1.86506 1.97391 
0.0260935 0.134937 0.32059 0.566605 0.851126 1.14887 1.4334 1.67941 1.86506 1.97391 
0.0260935 0.134937 0.32059 0.566605 0.851126 1.14887 1.4334 1.67941 1.86506 1.97391 
0.0260935 0.134937 0.32059 0.566605 0.851126 1.14887 1.4334 1.67941 1.86506 1.97391 
0.0260935 0.134937 0.32059 0.566605 0.851126 1.14887 1.4334 1.67941 1.86506 1.97391 
0.0260935 0.134937 0.32059 0.566605 0.851126 1.14887 1.4334 1.67941 1.86506 1.97391 
0.0260935 0.134937 0.32059 0.566605 0.851126 1.14887 1.4334 1.67941 1.86506 1.97391 
0.0260935 0.134937 0.32059 0.566605 0.851126 1.14887 1.4334 1.67941 1.86506 1.97391 
0.0260935 0.134937 0.32059 0.566605 0.851126 1.14887 1.4334 1.67941 1.86506 1.97391 
0.0260935 0.134937 0.32059 0.566605 0.851126 1.14887 1.4334 1.67941 1.86506 1.97391 
0.0260935 0.134937 0.32059 0.566605 0.851126 1.14887 1.4334 1.67941 1.86506 1.97391 
0.0260935 0.134937 0.32059 0.566605 0.851126 1.14887 1.4334 1.67941 1.86506 1.97391 
1.28355 1.31573 1.37336 1.45463 1.55469 1.66513 1.77481 1.87189 1.94597 1.98955 
1.21422 1.25062 1.31531 1.40566 1.51589 1.63666 1.75599 1.86128 1.9415 1.98868 
1.09595 1.13956 1.21629 1.32214 1.44972 1.58811 1.72388 1.84317 1.9339 1.98721 
0.939225 0.992394 1.08508 1.21146 1.36203 1.52376 1.68132 1.81919 1.92381 1.98526 
0.757974 0.822194 0.933334 1.08346 1.26062 1.44935 1.63211 1.79144 1.91215 1.98301 
0.568296 0.64408 0.774532 0.949509 1.15449 1.37148 1.58061 1.76241 1.89995 1.98065 
0.387044 0.47388 0.622785 0.821509 1.05308 1.29706 1.5314 1.73466 1.88829 1.9784 
0.230323 0.326714 0.491575 0.710832 0.965394 1.23272 1.48885 1.71067 1.8782 1.97645 
0.112054 0.215656 0.392558 0.62731 0.899221 1.18417 1.45673 1.69257 1.87059 1.97498 
0.0427161 0.150546 0.334507 0.578344 0.860426 1.1557 1.43791 1.68195 1.86613 1.97411 
0.0130474 0.0674719 0.160304 0.283317 0.425585 0.574467 0.716735 0.839749 0.932581 0.987005 
0.013065 0.067563 0.16052 0.2837 0.42616 0.575243 0.717704 0.840883 0.933841 0.988339 
0.01315 0.0680023 0.161564 0.285544 0.428931 0.578983 0.72237 0.846351 0.939912 0.994764 
0.0133684 0.0691316 0.164247 0.290286 0.436054 0.588598 0.734366 0.860405 0.955521 1.01128 
0.0137687 0.0712019 0.169166 0.29898 0.449113 0.606226 0.756359 0.886173 0.984137 1.04157 
0.0143522 0.0742191 0.176334 0.311649 0.468144 0.631915 0.78841 0.923725 1.02584 1.08571 
0.0150597 0.0778777 0.185026 0.327012 0.491221 0.663064 0.827274 0.969259 1.07641 1.13923 
0.0157827 0.0816166 0.19391 0.342712 0.514805 0.694898 0.866991 1.01579 1.12809 1.19392 
0.0163924 0.0847695 0.2014 0.355951 0.534692 0.721742 0.900483 1.05503 1.17166 1.24004 
0.016774 0.086743 0.206089 0.364238 0.54714 0.738545 0.921447 1.0796 1.19894 1.26891 
0.016774 0.086743 0.206089 0.364237 0.54714 0.738545 0.921447 1.0796 1.19894 1.26891 
0.0163924 0.0847695 0.2014 0.355951 0.534692 0.721742 0.900483 1.05503 1.17166 1.24004 
0.0157827 0.0816166 0.19391 0.342712 0.514805 0.694898 0.866991 1.01579 1.12809 1.19392 
0.0150597 0.0778777 0.185026 0.327012 0.491221 0.663064 0.827274 0.969259 1.07641 1.13923 
0.0143522 0.0742191 0.176334 0.311649 0.468144 0.631915 0.78841 0.923725 1.02584 1.08571 
0.0137687 0.0712019 0.169166 0.29898 0.449113 0.606226 0.756359 0.886173 0.984137 1.04157 
0.0133684 0.0691316 0.164247 0.290286 0.436054 0.588598 0.734366 0.860405 0.955521 1.01128 
0.01315 0.0680023 0.161564 0.285544 0.428931 0.578983 0.72237 0.846351 0.939912 0.994764 
0.013065 0.067563 0.16052 0.2837 0.42616 0.575243 0.717704 0.840883 0.933841 0.988339 
0.0130474 0.0674719 0.160304 0.283317 0.425585 0.574467 0.716735 0.839749 0.932581 0.987005 
0.0427161 0.150546 0.334507 0.578344 0.860426 1.1557 1.43791 1.68195 1.86613 1.97411 
0.112054 0.215656 0.392558 0.62731 0.899221 1.18417 1.45673 1.69257 1.87059 1.97498 
0.230323 0.326714 0.491575 0.710832 0.965394 1.23272 1.48885 1.71067 1.8782 1.97645 
0.387044 0.47388 0.622785 0.821509 1.05308 1.29706 1.5314 1.73466 1.88829 1.9784 
0.568296 0.64408 0.774532 0.949509 1.15449 1.37148 1.58061 1.76241 1.89995 1.98065 
0.757974 0.822194 0.933334 1.08346 1.26062 1.44935 1.63211 1.79144 1.91215 1.98301 
0.939225 0.992394 1.08508 1.21146 1.36203 1.52376 1.68132 1.81919 1.92381 1.98526 
1.09595 1.13956 1.21629 1.32214 1.44972 1.58811 1.72388 1.84317 1.9339 1.98721 
1.21422 1.25062 1.31531 1.40566 1.51589 1.63666 1.75599 1.86128 1.9415 1.98868 
1.28355 1.31573 1.37336 1.45463 1.55469 1.66513 1.77481 1.87189 1.94597 1.98955 
0.0260935 0.134937 0.32059 0.566605 0.851126 1.14887 1.4334 1.67941 1.86506 1.97391 
0.0260935 0.134937 0.32059 0.566605 0.851126 1.14887 1.4334 1.67941 1.86506 1.97391 
0.0260935 0.134937 0.32059 0.566605 0.851126 1.14887 1.4334 1.67941 1.86506 1.97391 
0.0260935 0.134937 0.32059 0.566605 0.851126 1.14887 1.4334 1.67941 1.86506 1.97391 
0.0260935 0.134937 0.32059 0.566605 0.851126 1.14887 1.4334 1.67941 1.86506 1.97391 
0.0260935 0.134937 0.32059 0.566605 0.851126 1.14887 1.4334 1.67941 1.86506 1.97391 
0.0260935 0.134937 0.32059 0.566605 0.851126 1.14887 1.4334 1.67941 1.86506 1.97391 
0.0260935 0.134937 0.32059 0.566605 0.851126 1.14887 1.4334 1.67941 1.86506 1.97391 
0.0260935 0.134937 0.32059 0.566605 0.851126 1.14887 1.4334 1.67941 1.86506 1.97391 
0.0260935 0.134937 0.32059 0.566605 0.851126 1.14887 1.4334 1.67941 1.86506 1.97391 
0.0260935 0.134937 0.32059 0.566605 0.851126 1.14887 1.4334 1.67941 1.86506 1.97391 
0.0260935 0.134937 0.32059 0.566605 0.851126 1.14887 1.4334 1.67941 1.86506 1.97391 
0.0260935 0.134937 0.32059 0.566605 0.851126 1.14887 1.4334 1.67941 1.86506 1.97391 
0.0260935 0.134937 0.32059 0.566605 0.851126 1.14887 1.4334 1.67941 1.86506 1.97391 
0.0260935 0.134937 0.32059 0.566605 0.851126 1.14887 1.4334 1.67941 1.86506 1.97391 
0.0260935 0.134937 0.32059 0.566605 0.851126 1.14887 1.4334 1.67941 1.86506 1.97391 
0.0260935 0.134937 0.32059 0.566605 0.851126 1.14887 1.4334 1.67941 1.86506 1.97391 
0.0260935 0.134937 0.32059 0.566605 0.851126 1.14887 1.4334 1.67941 1.86506 1.97391 
0.0260935 0.134937 0.32059 0.566605 0.851126 1.14887 1.4334 1.67941 1.86506 1.97391 
0.0260935 0.134937 0.32059 0.566605 0.851126 1.14887 1.4334 1.67941 1.86506 1.97391 
2.02609 2.13494 2.32059 2.5666 2.85113 3.14887 3.4334 3.67941 3.86506 3.97391 
2.02609 2.13494 2.32059 2.5666 2.85113 3.14887 3.4334 3.67941 3.86506 3.97391 
2.02609 2.13494 2.32059 2.5666 2.85113 3.14887 3.4334 3.67941 3.86506 3.97391 
2.02609 2.13494 2.32059 2.5666 2.85113 3.14887 3.4334 3.67941 3.86506 3.97391 
2.02609 2.13494 2.32059 2.5666 2.85113 3.14887 3.4334 3.67941 3.86506 3.97391 
2.02609 2.13494 2.32059 2.5666 2.85113 3.14887 3.4334 3.67941 3.86506 3.97391 
2.02609 2.13494 2.32059 2.5666 2.85113 3.14887 3.4334 3.67941 3.86506 3.97391 
2.02609 2.13494 2.32059 2.5666 2.85113 3.14887 3.4334 3.67941 3.86506 3.97391 
2.02609 2.13494 2.32059 2.5666 2.85113 3.14887 3.4334 3.67941 3.86506 3.97391 
2.02609 2.13494 2.32059 2.5666 2.85113 3.14887 3.4334 3.67941 3.86506 3.97391 
2.02609 2.13494 2.32059 2.5666 2.85113 3.14887 3.4334 3.67941 3.86506 3.97391 
2.02609 2.13494 2.32059 2.5666 2.85113 3.14887 3.4334 3.67941 3.86506 3.97391 
2.02609 2.13494 2.32059 2.5666 2.85113 3.14887 3.4334 3.67941 3.86506 3.97391 
2.02609 2.13494 2.32059 2.5666 2.85113 3.14887 3.4334 3.67941 3.86506 3.97391 
2.02609 2.13494 2.32059 2.5666 2.85113 3.14887 3.4334 3.67941 3.86506 3.97391 
2.02609 2.13494 2.32059 2.5666 2.85113 3.14887 3.4334 3.67941 3.86506 3.97391 
2.02609 2.13494 2.32059 2.5666 2.85113 3.14887 3.4334 3.67941 3.86506 3.97391 
2.02609 2.13494 2.32059 2.5666 2.85113 3.14887 3.4334 3.67941 3.86506 3.97391 
2.02609 2.13494 2.32059 2.5666 2.85113 3.14887 3.4334 3.67941 3.86506 3.97391 
2.02609 2.13494 2.32059 2.5666 2.85113 3.14887 3.4334 3.67941 3.86506 3.97391 
2.01045 2.05403 2.12811 2.22519 2.33487 2.44531 2.54537 2.62664 2.68427 2.71645 
2.01132 2.0585 2.13872 2.24401 2.36334 2.48411 2.59434 2.68469 2.74938 2.78578 
2.01279 2.0661 2.15683 2.27612 2.41189 2.55028 2.67786 2.78371 2.86044 2.90405 
2.01474 2.07619 2.18081 2.31868 2.47624 2.63797 2.78854 2.91492 3.00761 3.06077 
2.01699 2.08785 2.20856 2.36789 2.55065 2.73938 2.91654 3.06667 3.17781 3.24203 
2.01935 2.10005 2.23759 2.41939 2.62852 2.84551 3.05049 3.22547 3.35592 3.4317 
2.0216 2.11171 2.26534 2.4686 2.70294 2.94692 3.17849 3.37722 3.52612 3.61296 
2.02355 2.1218 2.28933 2.51115 2.76728 3.03461 3.28917 3.50843 3.67329 3.76968 
2.02502 2.12941 2.30743 2.54327 2.81583 3.10078 3.37269 3.60744 3.78434 3.88795 
2.02589 2.13387 2.31805 2.56209 2.8443 3.13957 3.42166 3.66549 3.84945 3.95728 
2.02609 2.13494 2.32059 2.5666 2.85113 3.14887 3.4334 3.67941 3.86506 3.97391 
2.02609 2.13494 2.32059 2.5666 2.85113 3.14887 3.4334 3.67941 3.86506 3.97391 
2.02609 2.13494 2.32059 2.5666 2.85113 3.14887 3.4334 3.67941 3.86506 3.97391 
2.02609 2.13494 2.32059 2.5666 2.85113 3.14887 3.4334 3.67941 3.86506 3.97391 
2.02609 2.13494 2.32059 2.5666 2.85113 3.14887 3.4334 3.67941 3.86506 3.97391 
2.02609 2.13494 2.32059 2.5666 2.85113 3.14887 3.4334 3.67941 3.86506 3.97391 
2.02609 2.13494 2.32059 2.5666 2.85113 3.14887 3.4334 3.67941 3.86506 3.97391 
2.02609 2.13494 2.32059 2.5666 2.85113 3.14887 3.4334 3.67941 3.86506 3.97391 
2.02609 2.13494 2.32059 2.5666 2.85113 3.14887 3.4334 3.67941 3.86506 3.97391 
2.02609 2.13494 2.32059 2.5666 2.85113 3.14887 3.4334 3.67941 3.86506 3.97391 
2.02589 2.13387 2.31805 2.56209 2.8443 3.13957 3.42166 3.66549 3.84945 3.95728 
2.02502 2.12941 2.30743 2.54327 2.81583 3.10078 3.37269 3.60744 3.78434 3.88795 
2.02355 2.1218 2.28933 2.51115 2.76728 3.03461 3.28917 3.50843 3.67329 3.76968 
2.0216 2.11171 2.26534 2.4686 2.70294 2.94692 3.17849 3.37722 3.52612 3.61296 
2.01935 2.10005 2.23759 2.41939 2.62852 2.84551 3.05049 3.22547 3.35592 3.4317 
2.01699 2.08785 2.20856 2.36789 2.55065 2.73938 2.91654 3.06667 3.17781 3.24203 
2.01474 2.07619 2.18081 2.31868 2.47624 2.63797 2.78854 2.91492 3.00761 3.06077 
2.01279 2.0661 2.15683 2.27612 2.41189 2.55028 2.67786 2.78371 2.86044 2.90405 
2.01132 2.0585 2.13872 2.24401 2.36334 2.48411 2.59434 2.68469 2.74938 2.78578 
2.01045 2.05403 2.12811 2.22519 2.33487 2.44531 2.54537 2.62664 2.68427 2.71645 
2.02609 2.13494 2.32059 2.5666 2.85113 3.14887 3.4334 3.67941 3.86506 3.97391 
2.02609 2.13494 2.32059 2.5666 2.85113 3.14887 3.4334 3.67941 3.86506 3.97391 
2.02609 2.13494 2.32059 2.5666 2.85113 3.14887 3.4334 3.67941 3.86506 3.97391 
2.02609 2.13494 2.32059 2.5666 2.85113 3.14887 3.4334 3.67941 3.86506 3.97391 
2.02609 2.13494 2.32059 2.5666 2.85113 3.14887 3.4334 3.67941 3.86506 3.97391 
2.02609 2.13494 2.32059 2.5666 2.85113 3.14887 3.4334 3.67941 3.86506 3.97391 
2.02609 2.13494 2.32059 2.5666 2.85113 3.14887 3.4334 3.67941 3.86506 3.97391 
2.02609 2.13494 2.32059 2.5666 2.85113 3.14887 3.4334 3.67941 3.86506 3.97391 
2.02609 2.13494 2.32059 2.5666 2.85113 3.14887 3.4334 3.67941 3.86506 3.97391 
2.02609 2.13494 2.32059 2.5666 2.85113 3.14887 3.4334 3.67941 3.86506 3.97391 
5.28355 5.31573 5.37336 5.45463 5.55469 5.66513 5.77481 5.87189 5.94597 5.98955 
5.21422 5.25062 5.31531 5.40566 5.51589 5.63666 5.75599 5.86128 5.9415 5.98868 
5.09595 5.13956 5.21629 5.32214 5.44972 5.58811 5.72388 5.84317 5.9339 5.98721 
4.93923 4.99239 5.08508 5.21146 5.36203 5.52376 5.68132 5.81919 5.92381 5.98526 
4.75797 4.82219 4.93333 5.08346 5.26062 5.44935 5.63211 5.79144 5.91215 5.98301 
4.5683 4.64408 4.77453 4.94951 5.15449 5.37148 5.58061 5.76241 5.89995 5.98065 
4.38704 4.47388 4.62279 4.82151 5.05308 5.29706 5.5314 5.73466 5.88829 5.9784 
4.23032 4.32671 4.49158 4.71083 4.96539 5.23272 5.48885 5.71067 5.8782 5.97645 
4.11205 4.21566 4.39256 4.62731 4.89922 5.18417 5.45673 5.69257 5.87059 5.97498 
4.04272 4.15055 4.33451 4.57834 4.86043 5.1557 5.43791 5.68195 5.86613 5.97411 
4.01305 4.06747 4.1603 4.28332 4.42559 4.57447 4.71674 4.83975 4.93258 4.98701 
4.01307 4.06756 4.16052 4.2837 4.42616 4.57524 4.7177 4.84088 4.93384 4.98834 
4.01315 4.068 4.16156 4.28554 4.42893 4.57898 4.72237 4.84635 4.93991 4.99476 
4.01337 4.06913 4.16425 4.29029 4.43605 4.5886 4.73437 4.86041 4.95552 5.01128 
4.01377 4.0712 4.16917 4.29898 4.44911 4.60623 4.75636 4.88617 4.98414 5.04157 
4.01435 4.07422 4.17633 4.31165 4.46814 4.63191 4.78841 4.92372 5.02584 5.08571 
4.01506 4.07788 4.18503 4.32701 4.49122 4.66306 4.82727 4.96926 5.07641 5.13923 
4.01578 4.08162 4.19391 4.34271 4.5148 4.6949 4.86699 5.01579 5.12809 5.19392 
4.01639 4.08477 4.2014 4.35595 4.53469 4.72174 4.90048 5.05503 5.17166 5.24004 
4.01677 4.08674 4.20609 4.36424 4.54714 4.73855 4.92145 5.0796 5.19894 5.26891 
4.01677 4.08674 4.20609 4.36424 4.54714 4.73855 4.92145 5.0796 5.19894 5.26891 
4.01639 4.08477 4.2014 4.35595 4.53469 4.72174 4.90048 5.05503 5.17166 5.24004 
4.01578 4.08162 4.19391 4.34271 4.5148 4.6949 4.86699 5.01579 5.12809 5.19392 
4.01506 4.07788 4.18503 4.32701 4.49122 4.66306 4.82727 4.96926 5.07641 5.13923 
4.01435 4.07422 4.17633 4.31165 4.46814 4.63191 4.78841 4.92372 5.02584 5.08571 
4.01377 4.0712 4.16917 4.29898 4.44911 4.60623 4.75636 4.88617 4.98414 5.04157 
4.01337 4.06913 4.16425 4.29029 4.43605 4.5886 4.73437 4.86041 4.95552 5.01128 
4.01315 4.068 4.16156 4.28554 4.42893 4.57898 4.72237 4.84635 4.93991 4.99476 
4.01307 4.06756 4.16052 4.2837 4.42616 4.57524 4.7177 4.84088 4.93384 4.98834 
4.01305 4.06747 4.1603 4.28332 4.42559 4.57447 4.71674 4.83975 4.93258 4.98701 
5.28355 5.31573 5.37336 5.45463 5.55469 5.66513 5.77481 5.87189 5.94597 5.98955 
5.21422 5.25062 5.31531 5.40566 5.51589 5.63666 5.75599 5.86128 5.9415 5.98868 
5.09595 5.13956 5.21629 5.32214 5.44972 5.58811 5.72388 5.84317 5.9339 5.98721 
4.93923 4.99239 5.08508 5.21146 5.36203 5.52376 5.68132 5.81919 5.92381 5.98526 
4.75797 4.82219 4.93333 5.08346 5.26062 5.44935 5.63211 5.79144 5.91215 5.98301 
4.5683 4.64408 4.77453 4.94951 5.15449 5.37148 5.58061 5.76241 5.89995 5.98065 
4.38704 4.47388 4.62279 4.82151 5.05308 5.29706 5.5314 5.73466 5.88829 5.9784 
4.23032 4.32671 4.49158 4.71083 4.96539 5.23272 5.48885 5.71067 5.8782 5.97645 
4.11205 4.21566 4.39256 4.62731 4.89922 5.18417 5.45673 5.69257 5.87059 5.97498 
4.04272 4.15055 4.33451 4.57834 4.86043 5.1557 5.43791 5.68195 5.86613 5.97411 
4.01305 4.06747 4.1603 4.28332 4.42559 4.57447 4.71674 4.83975 4.93258 4.98701 
4.01307 4.06756 4.16052 4.2837 4.42616 4.57524 4.7177 4.84088 4.93384 4.98834 
4.01315 4.068 4.16156 4.28554 4.42893 4.57898 4.72237 4.84635 4.93991 4.99476 
4.01337 4.06913 4.16425 4.29029 4.43605 4.5886 4.73437 4.86041 4.95552 5.01128 
4.01377 4.0712 4.16917 4.29898 4.44911 4.60623 4.75636 4.88617 4.98414 5.04157 
4.01435 4.07422 4.17633 4.31165 4.46814 4.63191 4.78841 4.92372 5.02584 5.08571 
4.01506 4.07788 4.18503 4.32701 4.49122 4.66306 4.82727 4.96926 5.07641 5.13923 
4.01578 4.08162 4.19391 4.34271 4.5148 4.6949 4.86699 5.01579 5.12809 5.19392 
4.01639 4.08477 4.2014 4.35595 4.53469 4.72174 4.90048 5.05503 5.17166 5.24004 
4.01677 4.08674 4.20609 4.36424 4.54714 4.73855 4.92145 5.0796 5.19894 5.26891 
4.04272 4.15055 4.33451 4.57834 4.86043 5.1557 5.43791 5.68195 5.86613 5.97411 
4.11205 4.21566 4.39256 4.62731 4.89922 5.18417 5.45673 5.69257 5.87059 5.97498 
4.23032 4.32671 4.49158 4.71083 4.96539 5.23272 5.48885 5.71067 5.8782 5.97645 
4.38704 4.47388 4.62279 4.82151 5.05308 5.29706 5.5314 5.73466 5.88829 5.9784 
4.5683 4.64408 4.77453 4.94951 5.15449 5.37148 5.58061 5.76241 5.89995 5.98065 
4.75797 4.82219 4.93333 5.08346 5.26062 5.44935 5.63211 5.79144 5.91215 5.98301 
4.93923 4.99239 5.08508 5.21146 5.36203 5.52376 5.68132 5.81919 5.92381 5.98526 
5.09595 5.13956 5.21629 5.32214 5.44972 5.58811 5.72388 5.84317 5.9339 5.98721 
5.21422 5.25062 5.31531 5.40566 5.51589 5.63666 5.75599 5.86128 5.9415 5.98868 
5.28355 5.31573 5.37336 5.45463 5.55469 5.66513 5.77481 5.87189 5.94597 5.98955 
3.01299 3.06742 3.16025 3.28326 3.42553 3.57441 3.71668 3.8397 3.93253 3.98695 
3.01166 3.06616 3.15912 3.2823 3.42476 3.57384 3.7163 3.83948 3.93244 3.98694 
3.00524 3.06009 3.15365 3.27763 3.42102 3.57107 3.71446 3.83844 3.932 3.98685 
2.98872 3.04448 3.13959 3.26563 3.4114 3.56395 3.70971 3.83575 3.93087 3.98663 
2.95843 3.01586 3.11383 3.24364 3.39377 3.55089 3.70102 3.83083 3.9288 3.98623 
2.91429 2.97416 3.07628 3.21159 3.36809 3.53186 3.68835 3.82367 3.92578 3.98565 
2.86077 2.92359 3.03074 3.17273 3.33694 3.50878 3.67299 3.81497 3.92212 3.98494 
2.80608 2.87191 2.98421 3.13301 3.3051 3.4852 3.65729 3.80609 3.91838 3.98422 
2.75996 2.82834 2.94497 3.09952 3.27826 3.46531 3.64405 3.7986 3.91523 3.98361 
2.73109 2.80106 2.9204 3.07855 3.26145 3.45286 3.63576 3.79391 3.91326 3.98323 
2.73109 2.80106 2.9204 3.07855 3.26145 3.45286 3.63576 3.79391 3.91326 3.98323 
2.75996 2.82834 2.94497 3.09952 3.27826 3.46531 3.64405 3.7986 3.91523 3.98361 
2.80608 2.87191 2.98421 3.13301 3.3051 3.4852 3.65729 3.80609 3.91838 3.98422 
2.86077 2.92359 3.03074 3.17273 3.33694 3.50878 3.67299 3.81497 3.92212 3.98494 
2.91429 2.97416 3.07628 3.21159 3.36809 3.53186 3.68835 3.82367 3.92578 3.98565 
2.95843 3.01586 3.11383 3.24364 3.39377 3.55089 3.70102 3.83083 3.9288 3.98623 
2.98872 3.04448 3.13959 3.26563 3.4114 3.56395 3.70971 3.83575 3.93087 3.98663 
3.00524 3.06009 3.15365 3.27763 3.42102 3.57107 3.71446 3.83844 3.932 3.98685 
3.01166 3.06616 3.15912 3.2823 3.42476 3.57384 3.7163 3.83948 3.93244 3.98694 
3.01299 3.06742 3.16025 3.28326 3.42553 3.57441 3.71668 3.8397 3.93253 3.98695 
4.01677 4.08674 4.20609 4.36424 4.54714 4.73855 4.92145 5.0796 5.19894 5.26891 
4.01639 4.08477 4.2014 4.35595 4.53469 4.72174 4.90048 5.05503 5.17166 5.24004 
4.01578 4.08162 4.19391 4.34271 4.5148 4.6949 4.86699 5.01579 5.12809 5.19392 
4.01506 4.07788 4.18503 4.32701 4.49122 4.66306 4.82727 4.96926 5.07641 5.13923 
4.01435 4.07422 4.17633 4.31165 4.46814 4.63191 4.78841 4.92372 5.02584 5.08571 
4.01377 4.0712 4.16917 4.29898 4.44911 4.60623 4.75636 4.88617 4.98414 5.04157 
4.01337 4.06913 4.16425 4.29029 4.43605 4.5886 4.73437 4.86041 4.95552 5.01128 
4.01315 4.068 4.16156 4.28554 4.42893 4.57898 4.72237 4.84635 4.93991 4.99476 
4.01307 4.06756 4.16052 4.2837 4.42616 4.57524 4.7177 4.84088 4.93384 4.98834 
4.01305 4.06747 4.1603 4.28332 4.42559 4.57447 4.71674 4.83975 4.93258 4.98701 
4.04272 4.15055 4.33451 4.57834 4.86043 5.1557 5.43791 5.68195 5.86613 5.97411 
4.11205 4.21566 4.39256 4.62731 4.89922 5.18417 5.45673 5.69257 5.87059 5.97498 
4.23032 4.32671 4.49158 4.71083 4.96539 5.23272 5.48885 5.71067 5.8782 5.97645 
4.38704 4.47388 4.62279 4.82151 5.05308 5.29706 5.5314 5.73466 5.88829 5.9784 
4.5683 4.64408 4.77453 4.94951 5.15449 5.37148 5.58061 5.76241 5.89995 5.98065 
4.75797 4.82219 4.93333 5.08346 5.26062 5.44935 5.63211 5.79144 5.91215 5.98301 
4.93923 4.99239 5.08508 5.21146 5.36203 5.52376 5.68132 5.81919 5.92381 5.98526 
5.09595 5.13956 5.21629 5.32214 5.44972 5.58811 5.72388 5.84317 5.9339 5.98721 
5.21422 5.25062 5.31531 5.40566 5.51589 5.63666 5.75599 5.86128 5.9415 5.98868 
5.28355 5.31573 5.37336 5.45463 5.55469 5.66513 5.77481 5.87189 5.94597 5.98955 
5.28355 5.31573 5.37336 5.45463 5.55469 5.66513 5.77481 5.87189 5.94597 5.98955 
5.21422 5.25062 5.31531 5.40566 5.51589 5.63666 5.75599 5.86128 5.9415 5.98868 
5.09595 5.13956 5.21629 5.32214 5.44972 5.58811 5.72388 5.84317 5.9339 5.98721 
4.93923 4.99239 5.08508 5.21146 5.36203 5.52376 5.68132 5.81919 5.92381 5.98526 
4.75797 4.82219 4.93333 5.08346 5.26062 5.44935 5.63211 5.79144 5.91215 5.98301 
4.5683 4.64408 4.77453 4.94951 5.15449 5.37148 5.58061 5.76241 5.89995 5.98065 
4.38704 4.47388 4.62279 4.82151 5.05308 5.29706 5.5314 5.73466 5.88829 5.9784 
4.23032 4.32671 4.49158 4.71083 4.96539 5.23272 5.48885 5.71067 5.8782 5.97645 
4.11205 4.21566 4.39256 4.62731 4.89922 5.18417 5.45673 5.69257 5.87059 5.97498 
4.04272 4.15055 4.33451 4.57834 4.86043 5.1557 5.43791 5.68195 5.86613 5.97411 
4.01305 4.06747 4.1603 4.28332 4.42559 4.57447 4.71674 4.83975 4.93258 4.98701 
4.01307 4.06756 4.16052 4.2837 4.42616 4.57524 4.7177 4.84088 4.93384 4.98834 
4.01315 4.068 4.16156 4.28554 4.42893 4.57898 4.72237 4.84635 4.93991 4.99476 
4.01337 4.06913 4.16425 4.29029 4.43605 4.5886 4.73437 4.86041 4.95552 5.01128 
4.01377 4.0712 4.16917 4.29898 4.44911 4.60623 4.75636 4.88617 4.98414 5.04157 
4.01435 4.07422 4.17633 4.31165 4.46814 4.63191 4.78841 4.92372 5.02584 5.08571 
4.01506 4.07788 4.18503 4.32701 4.49122 4.66306 4.82727 4.96926 5.07641 5.13923 
4.01578 4.08162 4.19391 4.34271 4.5148 4.6949 4.86699 5.01579 5.12809 5.19392 
4.01639 4.08477 4.2014 4.35595 4.53469 4.72174 4.90048 5.05503 5.17166 5.24004 
4.01677 4.08674 4.20609 4.36424 4.54714 4.73855 4.92145 5.0796 5.19894 5.26891 
4.01677 4.08674 4.20609 4.36424 4.54714 4.73855 4.92145 5.0796 5.19894 5.26891 
4.01639 4.08477 4.2014 4.35595 4.53469 4.72174 4.90048 5.05503 5.17166 5.24004 
4.01578 4.08162 4.19391 4.34271 4.5148 4.6949 4.86699 5.01579 5.12809 5.19392 
4.01506 4.07788 4.18503 4.32701 4.49122 4.66306 4.82727 4.96926 5.07641 5.13923 
4.01435 4.07422 4.17633 4.31165 4.46814 4.63191 4.78841 4.92372 5.02584 5.08571 
4.01377 4.0712 4.16917 4.29898 4.44911 4.60623 4.75636 4.88617 4.98414 5.04157 
4.01337 4.06913 4.16425 4.29029 4.43605 4.5886 4.73437 4.86041 4.95552 5.01128 
4.01315 4.068 4.16156 4.28554 4.42893 4.57898 4.72237 4.84635 4.93991 4.99476 
4.01307 4.06756 4.16052 4.2837 4.42616 4.57524 4.7177 4.84088 4.93384 4.98834 
4.01305 4.06747 4.1603 4.28332 4.42559 4.57447 4.71674 4.83975 4.93258 4.98701 
4.04272 4.15055 4.33451 4.57834 4.86043 5.1557 5.43791 5.68195 5.86613 5.97411 
4.11205 4.21566 4.39256 4.62731 4.89922 5.18417 5.45673 5.69257 5.87059 5.97498 
4.23032 4.32671 4.49158 4.71083 4.96539 5.23272 5.48885 5.71067 5.8782 5.97645 
4.38704 4.47388 4.62279 4.82151 5.05308 5.29706 5.5314 5.73466 5.88829 5.9784 
4.5683 4.64408 4.77453 4.94951 5.15449 5.37148 5.58061 5.76241 5.89995 5.98065 
4.75797 4.82219 4.93333 5.08346 5.26062 5.44935 5.63211 5.79144 5.91215 5.98301 
4.93923 4.99239 5.08508 5.21146 5.36203 5.52376 5.68132 5.81919 5.92381 5.98526 
5.09595 5.13956 5.21629 5.32214 5.44972 5.58811 5.72388 5.84317 5.9339 5.98721 
5.21422 5.25062 5.31531 5.40566 5.51589 5.63666 5.75599 5.86128 5.9415 5.98868 
5.28355 5.31573 5.37336 5.45463 5.55469 5.66513 5.77481 5.87189 5.94597 5.98955 
6.01045 6.05403 6.12811 6.22519 6.33487 6.44531 6.54537 6.62664 6.68427 6.71645 
6.01132 6.0585 6.13872 6.24401 6.36334 6.48411 6.59434 6.68469 6.74938 6.78578 
6.01279 6.0661 6.15683 6.27612 6.41189 6.55028 6.67786 6.78371 6.86044 6.90405 
6.01474 6.07619 6.18081 6.31868 6.47624 6.63797 6.78854 6.91492 7.00761 7.06077 
6.01699 6.08785 6.20856 6.36789 6.55065 6.73938 6.91654 7.06667 7.17781 7.24203 
6.01935 6.10005 6.23759 6.41939 6.62852 6.84551 7.05049 7.22547 7.35592 7.4317 
6.0216 6.11171 6.26534 6.4686 6.70294 6.94692 7.17849 7.37722 7.52612 7.61296 
6.02355 6.1218 6.28933 6.51115 6.76728 7.03461 7.28917 7.50842 7.67329 7.76968 
6.02502 6.12941 6.30743 6.54327 6.81583 7.10078 7.37269 7.60744 7.78434 7.88795 
6.02589 6.13387 6.31805 6.56209 6.8443 7.13957 7.42166 7.66549 7.84945 7.95728 
6.02589 6.13387 6.31805 6.56209 6.8443 7.13957 7.42166 7.66549 7.84945 7.95728 
6.02502 6.12941 6.30743 6.54327 6.81583 7.10078 7.37269 7.60744 7.78434 7.88795 
6.02355 6.1218 6.28933 6.51115 6.76728 7.03461 7.28917 7.50842 7.67329 7.76968 
6.0216 6.11171 6.26534 6.4686 6.70294 6.94692 7.17849 7.37722 7.52612 7.61296 
6.01935 6.10005 6.23759 6.41939 6.62852 6.84551 7.05049 7.22547 7.35592 7.4317 
6.01699 6.08785 6.20856 6.36789 6.55065 6.73938 6.91654 7.06667 7.17781 7.24203 
6.01474 6.07619 6.18081 6.31868 6.47624 6.63797 6.78854 6.91492 7.00761 7.06077 
6.01279 6.0661 6.15683 6.27612 6.41189 6.55028 6.67786 6.78371 6.86044 6.90405 
6.01132 6.0585 6.13872 6.24401 6.36334 6.48411 6.59434 6.68469 6.74938 6.78578 
6.01045 6.05403 6.12811 6.22519 6.33487 6.44531 6.54537 6.62664 6.68427 6.71645 
6.01045 6.05403 6.12811 6.22519 6.33487 6.44531 6.54537 6.62664 6.68427 6.71645 
6.01132 6.0585 6.13872 6.24401 6.36334 6.48411 6.59434 6.68469 6.74938 6.78578 
6.01279 6.0661 6.15683 6.27612 6.41189 6.55028 6.67786 6.78371 6.86044 6.90405 
6.01474 6.07619 6.18081 6.31868 6.47624 6.63797 6.78854 6.91492 7.00761 7.06077 
6.01699 6.08785 6.20856 6.36789 6.55065 6.73938 6.91654 7.06667 7.17781 7.24203 
6.01935 6.10005 6.23759 6.41939 6.62852 6.84551 7.05049 7.22547 7.35592 7.4317 
6.0216 6.11171 6.26534 6.4686 6.70294 6.94692 7.17849 7.37722 7.52612 7.61296 
6.02355 6.1218 6.28933 6.51115 6.76728 7.03461 7.28917 7.50842 7.67329 7.76968 
6.02502 6.12941 6.30743 6.54327 6.81583 7.10078 7.37269 7.60744 7.78434 7.88795 
6.02589 6.13387 6.31805 6.56209 6.8443 7.13957 7.42166 7.66549 7.84945 7.95728 
6.01045 6.05403 6.12811 6.22519 6.33487 6.44531 6.54537 6.62664 6.68427 6.71645 
6.01132 6.0585 6.13872 6.24401 6.36334 6.48411 6.59434 6.68469 6.74938 6.78578 
6.01279 6.0661 6.15683 6.27612 6.41189 6.55028 6.67786 6.78371 6.86044 6.90405 
6.01474 6.07619 6.18081 6.31868 6.47624 6.63797 6.78854 6.91492 7.00761 7.06077 
6.01699 6.08785 6.20856 6.36789 6.55065 6.73938 6.91654 7.06667 7.17781 7.24203 
6.01935 6.10005 6.23759 6.41939 6.62852 6.84551 7.05049 7.22547 7.35592 7.4317 
6.0216 6.11171 6.26534 6.4686 6.70294 6.94692 7.17849 7.37722 7.52612 7.61296 
6.02355 6.1218 6.28933 6.51115 6.76728 7.03461 7.28917 7.50842 7.67329 7.76968 
6.02502 6.12941 6.30743 6.54327 6.81583 7.10078 7.37269 7.60744 7.78434 7.88795 
6.02589 6.13387 6.31805 6.56209 6.8443 7.13957 7.42166 7.66549 7.84945 7.95728 
6.02589 6.13387 6.31805 6.56209 6.8443 7.13957 7.42166 7.66549 7.84945 7.95728 
6.02502 6.12941 6.30743 6.54327 6.81583 7.10078 7.37269 7.60744 7.78434 7.88795 
6.02355 6.1218 6.28933 6.51115 6.76728 7.03461 7.28917 7.50842 7.67329 7.76968 
6.0216 6.11171 6.26534 6.4686 6.70294 6.94692 7.17849 7.37722 7.52612 7.61296 
6.01935 6.10005 6.23759 6.41939 6.62852 6.84551 7.05049 7.22547 7.35592 7.4317 
6.01699 6.08785 6.20856 6.36789 6.55065 6.73938 6.91654 7.06667 7.17781 7.24203 
6.01474 6.07619 6.18081 6.31868 6.47624 6.63797 6.78854 6.91492 7.00761 7.06077 
6.01279 6.0661 6.15683 6.27612 6.41189 6.55028 6.67786 6.78371 6.86044 6.90405 
6.01132 6.0585 6.13872 6.24401 6.36334 6.48411 6.59434 6.68469 6.74938 6.78578 
6.01045 6.05403 6.12811 6.22519 6.33487 6.44531 6.54537 6.62664 6.68427 6.71645 
6.02589 6.13387 6.31805 6.56209 6.8443 7.13957 7.42166 7.66549 7.84945 7.95728 
6.02502 6.12941 6.30743 6.54327 6.81583 7.10078 7.37269 7.60744 7.78434 7.88795 
6.02355 6.1218 6.28933 6.51115 6.76728 7.03461 7.28917 7.50842 7.67329 7.76968 
6.0216 6.11171 6.26534 6.4686 6.70294 6.94692 7.17849 7.37722 7.52612 7.61296 
6.01935 6.10005 6.23759 6.41939 6.62852 6.84551 7.05049 7.22547 7.35592 7.4317 
6.01699 6.08785 6.20856 6.36789 6.55065 6.73938 6.91654 7.06667 7.17781 7.24203 
6.01474 6.07619 6.18081 6.31868 6.47624 6.63797 6.78854 6.91492 7.00761 7.06077 
6.01279 6.0661 6.15683 6.27612 6.41189 6.55028 6.67786 6.78371 6.86044 6.90405 
6.01132 6.0585 6.13872 6.24401 6.36334 6.48411 6.59434 6.68469 6.74938 6.78578 
6.01045 6.05403 6.12811 6.22519 6.33487 6.44531 6.54537 6.62664 6.68427 6.71645 
7.01299 7.06742 7.16025 7.28326 7.42553 7.57441 7.71668 7.8397 7.93253 7.98695 
7.01166 7.06616 7.15912 7.2823 7.42476 7.57384 7.7163 7.83948 7.93244 7.98694 
7.00524 7.06009 7.15365 7.27763 7.42102 7.57107 7.71446 7.83844 7.932 7.98685 
6.98872 7.04448 7.13959 7.26563 7.4114 7.56395 7.70971 7.83575 7.93087 7.98663 
6.95843 7.01586 7.11383 7.24364 7.39377 7.55089 7.70102 7.83083 7.9288 7.98623 
6.91429 6.97416 7.07628 7.21159 7.36809 7.53186 7.68835 7.82367 7.92578 7.98565 
6.86077 6.92359 7.03074 7.17273 7.33694 7.50878 7.67299 7.81497 7.92212 7.98494 
6.80608 6.87191 6.98421 7.13301 7.3051 7.4852 7.65729 7.80609 7.91838 7.98422 
6.75996 6.82834 6.94497 7.09952 7.27826 7.46531 7.64405 7.7986 7.91523 7.98361 
6.73109 6.80106 6.9204 7.07855 7.26145 7.45286 7.63576 7.79391 7.91326 7.98323 
8.02609 8.13494 8.32059 8.5666 8.85113 9.14887 9.4334 9.67941 9.86506 9.97391 
8.02609 8.13494 8.32059 8.5666 8.85113 9.14887 9.4334 9.67941 9.86506 9.97391 
8.02609 8.13494 8.32059 8.5666 8.85113 9.14887 9.4334 9.67941 9.86506 9.97391 
8.02609 8.13494 8.32059 8.5666 8.85113 9.14887 9.4334 9.67941 9.86506 9.97391 
8.02609 8.13494 8.32059 8.5666 8.85113 9.14887 9.4334 9.67941 9.86506 9.97391 
8.02609 8.13494 8.32059 8.5666 8.85113 9.14887 9.4334 9.67941 9.86506 9.97391 
8.02609 8.13494 8.32059 8.5666 8.85113 9.14887 9.4334 9.67941 9.86506 9.97391 
8.02609 8.13494 8.32059 8.5666 8.85113 9.14887 9.4334 9.67941 9.86506 9.97391 
8.02609 8.13494 8.32059 8.5666 8.85113 9.14887 9.4334 9.67941 9.86506 9.97391 
8.02609 8.13494 8.32059 8.5666 8.85113 9.14887 9.4334 9.67941 9.86506 9.97391 
8.02609 8.13494 8.32059 8.5666 8.85113 9.14887 9.4334 9.67941 9.86506 9.97391 
8.02609 8.13494 8.32059 8.5666 8.85113 9.14887 9.4334 9.67941 9.86506 9.97391 
8.02609 8.13494 8.32059 8.5666 8.85113 9.14887 9.4334 9.67941 9.86506 9.97391 
8.02609 8.13494 8.32059 8.5666 8.85113 9.14887 9.4334 9.67941 9.86506 9.97391 
8.02609 8.13494 8.32059 8.5666 8.85113 9.14887 9.4334 9.67941 9.86506 9.97391 
8.02609 8.13494 8.32059 8.5666 8.85113 9.14887 9.4334 9.67941 9.86506 9.97391 
8.02609 8.13494 8.32059 8.5666 8.85113 9.14887 9.4334 9.67941 9.86506 9.97391 
8.02609 8.13494 8.32059 8.5666 8.85113 9.14887 9.4334 9.67941 9.86506 9.97391 
8.02609 8.13494 8.32059 8.5666 8.85113 9.14887 9.4334 9.67941 9.86506 9.97391 
8.02609 8.13494 8.32059 8.5666 8.85113 9.14887 9.4334 9.67941 9.86506 9.97391 
6.73109 6.80106 6.9204 7.07855 7.26145 7.45286 7.63576 7.79391 7.91326 7.98323 
6.75996 6.82834 6.94497 7.09952 7.27826 7.46531 7.64405 7.7986 7.91523 7.98361 
6.80608 6.87191 6.98421 7.13301 7.3051 7.4852 7.65729 7.80609 7.91838 7.98422 
6.86077 6.92359 7.03074 7.17273 7.33694 7.50878 7.67299 7.81497 7.92212 7.98494 
6.91429 6.97416 7.07628 7.21159 7.36809 7.53186 7.68835 7.82367 7.92578 7.98565 
6.95843 7.01586 7.11383 7.24364 7.39377 7.55089 7.70102 7.83083 7.9288 7.98623 
6.98872 7.04448 7.13959 7.26563 7.4114 7.56395 7.70971 7.83575 7.93087 7.98663 
7.00524 7.06009 7.15365 7.27763 7.42102 7.57107 7.71446 7.83844 7.932 7.98685 
7.01166 7.06616 7.15912 7.2823 7.42476 7.57384 7.7163 7.83948 7.93244 7.98694 
7.01299 7.06742 7.16025 7.28326 7.42553 7.57441 7.71668 7.8397 7.93253 7.98695 
7.01299 7.06742 7.16025 7.28326 7.42553 7.57441 7.71668 7.8397 7.93253 7.98695 
7.01166 7.06616 7.15912 7.2823 7.42476 7.57384 7.7163 7.83948 7.93244 7.98694 
7.00524 7.06009 7.15365 7.27763 7.42102 7.57107 7.71446 7.83844 7.932 7.98685 
6.98872 7.04448 7.13959 7.26563 7.4114 7.56395 7.70971 7.83575 7.93087 7.98663 
6.95843 7.01586 7.11383 7.24364 7.39377 7.55089 7.70102 7.83083 7.9288 7.98623 
6.91429 6.97416 7.07628 7.21159 7.36809 7.53186 7.68835 7.82367 7.92578 7.98565 
6.86077 6.92359 7.03074 7.17273 7.33694 7.50878 7.67299 7.81497 7.92212 7.98494 
6.80608 6.87191 6.98421 7.13301 7.3051 7.4852 7.65729 7.80609 7.91838 7.98422 
6.75996 6.82834 6.94497 7.09952 7.27826 7.46531 7.64405 7.7986 7.91523 7.98361 
6.73109 6.80106 6.9204 7.07855 7.26145 7.45286 7.63576 7.79391 7.91326 7.98323 
9.28355 9.31573 9.37336 9.45463 9.55469 9.66513 9.77481 9.87189 9.94597 9.98955 
9.21422 9.25062 9.31531 9.40566 9.51589 9.63666 9.75599 9.86128 9.9415 9.98868 
9.09595 9.13956 9.21629 9.32214 9.44972 9.58811 9.72388 9.84317 9.9339 9.98721 
8.93923 8.99239 9.08508 9.21146 9.36203 9.52376 9.68132 9.81919 9.92381 9.98526 
8.75797 8.82219 8.93333 9.08346 9.26062 9.44935 9.63211 9.79144 9.91215 9.98301 
8.5683 8.64408 8.77453 8.94951 9.15449 9.37148 9.58061 9.76241 9.89995 9.98065 
8.38704 8.47388 8.62278 8.82151 9.05308 9.29706 9.5314 9.73466 9.88829 9.9784 
8.23032 8.32671 8.49158 8.71083 8.96539 9.23272 9.48885 9.71067 9.8782 9.97645 
8.11205 8.21566 8.39256 8.62731 8.89922 9.18417 9.45673 9.69257 9.87059 9.97498 
8.04272 8.15055 8.33451 8.57834 8.86043 9.1557 9.43791 9.68195 9.86613 9.97411 
8.01305 8.06747 8.1603 8.28332 8.42559 8.57447 8.71674 8.83975 8.93258 8.98701 
8.01307 8.06756 8.16052 8.2837 8.42616 8.57524 8.7177 8.84088 8.93384 8.98834 
8.01315 8.068 8.16156 8.28554 8.42893 8.57898 8.72237 8.84635 8.93991 8.99476 
8.01337 8.06913 8.16425 8.29029 8.43605 8.5886 8.73437 8.86041 8.95552 9.01128 
8.01377 8.0712 8.16917 8.29898 8.44911 8.60623 8.75636 8.88617 8.98414 9.04157 
8.01435 8.07422 8.17633 8.31165 8.46814 8.63191 8.78841 8.92372 9.02584 9.08571 
8.01506 8.07788 8.18503 8.32701 8.49122 8.66306 8.82727 8.96926 9.07641 9.13923 
8.01578 8.08162 8.19391 8.34271 8.5148 8.6949 8.86699 9.01579 9.12809 9.19392 
8.01639 8.08477 8.2014 8.35595 8.53469 8.72174 8.90048 9.05503 9.17166 9.24004 
8.01677 8.08674 8.20609 8.36424 8.54714 8.73855 8.92145 9.0796 9.19894 9.26891 
8.01677 8.08674 8.20609 8.36424 8.54714 8.73855 8.92145 9.0796 9.19894 9.26891 
8.01639 8.08477 8.2014 8.35595 8.53469 8.72174 8.90048 9.05503 9.17166 9.24004 
8.01578 8.08162 8.19391 8.34271 8.5148 8.6949 8.86699 9.01579 9.12809 9.19392 
8.01506 8.07788 8.18503 8.32701 8.49122 8.66306 8.82727 8.96926 9.07641 9.13923 
8.01435 8.07422 8.17633 8.31165 8.46814 8.63191 8.78841 8.92372 9.02584 9.08571 
8.01377 8.0712 8.16917 8.29898 8.44911 8.60623 8.75636 8.88617 8.98414 9.04157 
8.01337 8.06913 8.16425 8.29029 8.43605 8.5886 8.73437 8.86041 8.95552 9.01128 
8.01315 8.068 8.16156 8.28554 8.42893 8.57898 8.72237 8.84635 8.93991 8.99476 
8.01307 8.06756 8.16052 8.2837 8.42616 8.57524 8.7177 8.84088 8.93384 8.98834 
8.01305 8.06747 8.1603 8.28332 8.42559 8.57447 8.71674 8.83975 8.93258 8.98701 
6.73109 6.80106 6.9204 7.07855 7.26145 7.45286 7.63576 7.79391 7.91326 7.98323 
6.75996 6.82834 6.94497 7.09952 7.27826 7.46531 7.64405 7.7986 7.91523 7.98361 
6.80608 6.87191 6.98421 7.13301 7.3051 7.4852 7.65729 7.80609 7.91838 7.98422 
6.86077 6.92359 7.03074 7.17273 7.33694 7.50878 7.67299 7.81497 7.92212 7.98494 
6.91429 6.97416 7.07628 7.21159 7.36809 7.53186 7.68835 7.82367 7.92578 7.98565 
6.95843 7.01586 7.11383 7.24364 7.39377 7.55089 7.70102 7.83083 7.9288 7.98623 
6.98872 7.04448 7.13959 7.26563 7.4114 7.56395 7.70971 7.83575 7.93087 7.98663 
7.00524 7.06009 7.15365 7.27763 7.42102 7.57107 7.71446 7.83844 7.932 7.98685 
7.01166 7.06616 7.15912 7.2823 7.42476 7.57384 7.7163 7.83948 7.93244 7.98694 
7.01299 7.06742 7.16025 7.28326 7.42553 7.57441 7.71668 7.8397 7.93253 7.98695 
8.04272 8.15055 8.33451 8.57834 8.86043 9.1557 9.43791 9.68195 9.86613 9.97411 
8.11205 8.21566 8.39256 8.62731 8.89922 9.18417 9.45673 9.69257 9.87059 9.97498 
8.23032 8.32671 8.49158 8.71083 8.96539 9.23272 9.48885 9.71067 9.8782 9.97645 
8.38704 8.47388 8.62278 8.82151 9.05308 9.29706 9.5314 9.73466 9.88829 9.9784 
8.5683 8.64408 8.77453 8.94951 9.15449 9.37148 9.58061 9.76241 9.89995 9.98065 
8.75797 8.82219 8.93333 9.08346 9.26062 9.44935 9.63211 9.79144 9.91215 9.98301 
8.93923 8.99239 9.08508 9.21146 9.36203 9.52376 9.68132 9.81919 9.92381 9.98526 
9.09595 9.13956 9.21629 9.32214 9.44972 9.58811 9.72388 9.84317 9.9339 9.98721 
9.21422 9.25062 9.31531 9.40566 9.51589 9.63666 9.75599 9.86128 9.9415 9.98868 
9.28355 9.31573 9.37336 9.45463 9.55469 9.66513 9.77481 9.87189 9.94597 9.98955 
7.01299 7.06742 7.16025 7.28326 7.42553 7.57441 7.71668 7.8397 7.93253 7.98695 
7.01166 7.06616 7.15912 7.2823 7.42476 7.57384 7.7163 7.83948 7.93244 7.98694 
7.00524 7.06009 7.15365 7.27763 7.42102 7.57107 7.71446 7.83844 7.932 7.98685 
6.98872 7.04448 7.13959 7.26563 7.4114 7.56395 7.70971 7.83575 7.93087 7.98663 
6.95843 7.01586 7.11383 7.24364 7.39377 7.55089 7.70102 7.83083 7.9288 7.98623 
6.91429 6.97416 7.07628 7.21159 7.36809 7.53186 7.68835 7.82367 7.92578 7.98565 
6.86077 6.92359 7.03074 7.17273 7.33694 7.50878 7.67299 7.81497 7.92212 7.98494 
6.80608 6.87191 6.98421 7.13301 7.3051 7.4852 7.65729 7.80609 7.91838 7.98422 
6.75996 6.82834 6.94497 7.09952 7.27826 7.46531 7.64405 7.7986 7.91523 7.98361 
6.73109 6.80106 6.9204 7.07855 7.26145 7.45286 7.63576 7.79391 7.91326 7.98323 
8.02609 8.13494 8.32059 8.5666 8.85113 9.14887 9.4334 9.67941 9.86506 9.97391 
8.02609 8.13494 8.32059 8.5666 8.85113 9.14887 9.4334 9.67941 9.86506 9.97391 
8.02609 8.13494 8.32059 8.5666 8.85113 9.14887 9.4334 9.67941 9.86506 9.97391 
8.02609 8.13494 8.32059 8.5666 8.85113 9.14887 9.4334 9.67941 9.86506 9.97391 
8.02609 8.13494 8.32059 8.5666 8.85113 9.14887 9.4334 9.67941 9.86506 9.97391 
8.02609 8.13494 8.32059 8.5666 8.85113 9.14887 9.4334 9.67941 9.86506 9.97391 
8.02609 8.13494 8.32059 8.5666 8.85113 9.14887 9.4334 9.67941 9.86506 9.97391 
8.02609 8.13494 8.32059 8.5666 8.85113 9.14887 9.4334 9.67941 9.86506 9.97391 
8.02609 8.13494 8.32059 8.5666 8.85113 9.14887 9.4334 9.67941 9.86506 9.97391 
8.02609 8.13494 8.32059 8.5666 8.85113 9.14887 9.4334 9.67941 9.86506 9.97391 
8.02609 8.13494 8.32059 8.5666 8.85113 9.14887 9.4334 9.67941 9.86506 9.97391 
8.02609 8.13494 8.32059 8.5666 8.85113 9.14887 9.4334 9.67941 9.86506 9.97391 
8.02609 8.13494 8.32059 8.5666 8.85113 9.14887 9.4334 9.67941 9.86506 9.97391 
8.02609 8.13494 8.32059 8.5666 8.85113 9.14887 9.4334 9.67941 9.86506 9.97391 
8.02609 8.13494 8.32059 8.5666 8.85113 9.14887 9.4334 9.67941 9.86506 9.97391 
8.02609 8.13494 8.32059 8.5666 8.85113 9.14887 9.4334 9.67941 9.86506 9.97391 
8.02609 8.13494 8.32059 8.5666 8.85113 9.14887 9.4334 9.67941 9.86506 9.97391 
8.02609 8.13494 8.32059 8.5666 8.85113 9.14887 9.4334 9.67941 9.86506 9.97391 
8.02609 8.13494 8.32059 8.5666 8.85113 9.14887 9.4334 9.67941 9.86506 9.97391 
8.02609 8.13494 8.32059 8.5666 8.85113 9.14887 9.4334 9.67941 9.86506 9.97391 
6.73109 6.80106 6.9204 7.07855 7.26145 7.45286 7.63576 7.79391 7.91326 7.98323 
6.75996 6.82834 6.94497 7.09952 7.27826 7.46531 7.64405 7.7986 7.91523 7.98361 
6.80608 6.87191 6.98421 7.13301 7.3051 7.4852 7.65729 7.80609 7.91838 7.98422 
6.86077 6.92359 7.03074 7.17273 7.33694 7.50878 7.67299 7.81497 7.92212 7.98494 
6.91429 6.97416 7.07628 7.21159 7.36809 7.53186 7.68835 7.82367 7.92578 7.98565 
6.95843 7.01586 7.11383 7.24364 7.39377 7.55089 7.70102 7.83083 7.9288 7.98623 
6.98872 7.04448 7.13959 7.26563 7.4114 7.56395 7.70971 7.83575 7.93087 7.98663 
7.00524 7.06009 7.15365 7.27763 7.42102 7.57107 7.71446 7.83844 7.932 7.98685 
7.01166 7.06616 7.15912 7.2823 7.42476 7.57384 7.7163 7.83948 7.93244 7.98694 
7.01299 7.06742 7.16025 7.28326 7.42553 7.57441 7.71668 7.8397 7.93253 7.98695 
10.0261 10.1349 10.3206 10.5666 10.8511 11.1489 11.4334 11.6794 11.8651 11.9739 
10.0261 10.1349 10.3206 10.5666 10.8511 11.1489 11.4334 11.6794 11.8651 11.9739 
10.0261 10.1349 10.3206 10.5666 10.8511 11.1489 11.4334 11.6794 11.8651 11.9739 
10.0261 10.1349 10.3206 10.5666 10.8511 11.1489 11.4334 11.6794 11.8651 11.9739 
10.0261 10.1349 10.3206 10.5666 10.8511 11.1489 11.4334 11.6794 11.8651 11.9739 
10.0261 10.1349 10.3206 10.5666 10.8511 11.1489 11.4334 11.6794 11.8651 11.9739 
10.0261 10.1349 10.3206 10.5666 10.8511 11.1489 11.4334 11.6794 11.8651 11.9739 
10.0261 10.1349 10.3206 10.5666 10.8511 11.1489 11.4334 11.6794 11.8651 11.9739 
10.0261 10.1349 10.3206 10.5666 10.8511 11.1489 11.4334 11.6794 11.8651 11.9739 
10.0261 10.1349 10.3206 10.5666 10.8511 11.1489 11.4334 11.6794 11.8651 11.9739 
10.0261 10.1349 10.3206 10.5666 10.8511 11.1489 11.4334 11.6794 11.8651 11.9739 
10.0261 10.1349 10.3206 10.5666 10.8511 11.1489 11.4334 11.6794 11.8651 11.9739 
10.0261 10.1349 10.3206 10.5666 10.8511 11.1489 11.4334 11.6794 11.8651 11.9739 
10.0261 10.1349 10.3206 10.5666 10.8511 11.1489 11.4334 11.6794 11.8651 11.9739 
10.0261 10.1349 10.3206 10.5666 10.8511 11.1489 11.4334 11.6794 11.8651 11.9739 
10.0261 10.1349 10.3206 10.5666 10.8511 11.1489 11.4334 11.6794 11.8651 11.9739 
10.0261 10.1349 10.3206 10.5666 10.8511 11.1489 11.4334 11.6794 11.8651 11.9739 
10.0261 10.1349 10.3206 10.5666 10.8511 11.1489 11.4334 11.6794 11.8651 11.9739 
10.0261 10.1349 10.3206 10.5666 10.8511 11.1489 11.4334 11.6794 11.8651 11.9739 
10.0261 10.1349 10.3206 10.5666 10.8511 11.1489 11.4334 11.6794 11.8651 11.9739 
10.0105 10.054 10.1281 10.2252 10.3349 10.4453 10.5454 10.6266 10.6843 10.7164 
10.0113 10.0585 10.1387 10.244 10.3633 10.4841 10.5943 10.6847 10.7494 10.7858 
10.0128 10.0661 10.1568 10.2761 10.4119 10.5503 10.6779 10.7837 10.8604 10.9041 
10.0147 10.0762 10.1808 10.3187 10.4762 10.638 10.7885 10.9149 11.0076 11.0608 
10.017 10.0878 10.2086 10.3679 10.5507 10.7394 10.9165 11.0667 11.1778 11.242 
10.0193 10.1001 10.2376 10.4194 10.6285 10.8455 11.0505 11.2255 11.3559 11.4317 
10.0216 10.1117 10.2653 10.4686 10.7029 10.9469 11.1785 11.3772 11.5261 11.613 
10.0236 10.1218 10.2893 10.5112 10.7673 11.0346 11.2892 11.5084 11.6733 11.7697 
10.025 10.1294 10.3074 10.5433 10.8158 11.1008 11.3727 11.6074 11.7843 11.8879 
10.0259 10.1339 10.318 10.5621 10.8443 11.1396 11.4217 11.6655 11.8495 11.9573 
10.0261 10.1349 10.3206 10.5666 10.8511 11.1489 11.4334 11.6794 11.8651 11.9739 
10.0261 10.1349 10.3206 10.5666 10.8511 11.1489 11.4334 11.6794 11.8651 11.9739 
10.0261 10.1349 10.3206 10.5666 10.8511 11.1489 11.4334 11.6794 11.8651 11.9739 
10.0261 10.1349 10.3206 10.5666 10.8511 11.1489 11.4334 11.6794 11.8651 11.9739 
10.0261 10.1349 10.3206 10.5666 10.8511 11.1489 11.4334 11.6794 11.8651 11.9739 
10.0261 10.1349 10.3206 10.5666 10.8511 11.1489 11.4334 11.6794 11.8651 11.9739 
10.0261 10.1349 10.3206 10.5666 10.8511 11.1489 11.4334 11.6794 11.8651 11.9739 
10.0261 10.1349 10.3206 10.5666 10.8511 11.1489 11.4334 11.6794 11.8651 11.9739 
10.0261 10.1349 10.3206 10.5666 10.8511 11.1489 11.4334 11.6794 11.8651 11.9739 
10.0261 10.1349 10.3206 10.5666 10.8511 11.1489 11.4334 11.6794 11.8651 11.9739 
10.0259 10.1339 10.318 10.5621 10.8443 11.1396 11.4217 11.6655 11.8495 11.9573 
10.025 10.1294 10.3074 10.5433 10.8158 11.1008 11.3727 11.6074 11.7843 11.8879 
10.0236 10.1218 10.2893 10.5112 10.7673 11.0346 11.2892 11.5084 11.6733 11.7697 
10.0216 10.1117 10.2653 10.4686 10.7029 10.9469 11.1785 11.3772 11.5261 11.613 
10.0193 10.1001 10.2376 10.4194 10.6285 10.8455 11.0505 11.2255 11.3559 11.4317 
10.017 10.0878 10.2086 10.3679 10.5507 10.7394 10.9165 11.0667 11.1778 11.242 
10.0147 10.0762 10.1808 10.3187 10.4762 10.638 10.7885 10.9149 11.0076 11.0608 
10.0128 10.0661 10.1568 10.2761 10.4119 10.5503 10.6779 10.7837 10.8604 10.9041 
10.0113 10.0585 10.1387 10.244 10.3633 10.4841 10.5943 10.6847 10.7494 10.7858 
10.0105 10.054 10.1281 10.2252 10.3349 10.4453 10.5454 10.6266 10.6843 10.7164 
10.0261 10.1349 10.3206 10.5666 10.8511 11.1489 11.4334 11.6794 11.8651 11.9739 
10.0261 10.1349 10.3206 10.5666 10.8511 11.1489 11.4334 11.6794 11.8651 11.9739 
10.0261 10.1349 10.3206 10.5666 10.8511 11.1489 11.4334 11.6794 11.8651 11.9739 
10.0261 10.1349 10.3206 10.5666 10.8511 11.1489 11.4334 11.6794 11.8651 11.9739 
10.0261 10.1349 10.3206 10.5666 10.8511 11.1489 11.4334 11.6794 11.8651 11.9739 
10.0261 10.1349 10.3206 10.5666 10.8511 11.1489 11.4334 11.6794 11.8651 11.9739 
10.0261 10.1349 10.3206 10.5666 10.8511 11.1489 11.4334 11.6794 11.8651 11.9739 
10.0261 10.1349 10.3206 10.5666 10.8511 11.1489 11.4334 11.6794 11.8651 11.9739 
10.0261 10.1349 10.3206 10.5666 10.8511 11.1489 11.4334 11.6794 11.8651 11.9739 
10.0261 10.1349 10.3206 10.5666 10.8511 11.1489 11.4334 11.6794 11.8651 11.9739 
11.013 11.0674 11.1603 11.2833 11.4255 11.5744 11.7167 11.8397 11.9325 11.987 
11.0117 11.0662 11.1591 11.2823 11.4248 11.5738 11.7163 11.8395 11.9324 11.9869 
11.0052 11.0601 11.1536 11.2776 11.421 11.5711 11.7145 11.8384 11.932 11.9869 
10.9887 11.0445 11.1396 11.2656 11.4114 11.5639 11.7097 11.8358 11.9309 11.9866 
10.9584 11.0159 11.1138 11.2436 11.3938 11.5509 11.701 11.8308 11.9288 11.9862 
10.9143 10.9742 11.0763 11.2116 11.3681 11.5319 11.6884 11.8237 11.9258 11.9856 
10.8608 10.9236 11.0307 11.1727 11.3369 11.5088 11.673 11.815 11.9221 11.9849 
10.8061 10.8719 10.9842 11.133 11.3051 11.4852 11.6573 11.8061 11.9184 11.9842 
10.76 10.8283 10.945 11.0995 11.2783 11.4653 11.644 11.7986 11.9152 11.9836 
10.7311 10.8011 10.9204 11.0786 11.2615 11.4529 11.6358 11.7939 11.9133 11.9832 
10.7311 10.8011 10.9204 11.0786 11.2615 11.4529 11.6358 11.7939 11.9133 11.9832 
10.76 10.8283 10.945 11.0995 11.2783 11.4653 11.644 11.7986 11.9152 11.9836 
10.8061 10.8719 10.9842 11.133 11.3051 11.4852 11.6573 11.8061 11.9184 11.9842 
10.8608 10.9236 11.0307 11.1727 11.3369 11.5088 11.673 11.815 11.9221 11.9849 
10.9143 10.9742 11.0763 11.2116 11.3681 11.5319 11.6884 11.8237 11.9258 11.9856 
10.9584 11.0159 11.1138 11.2436 11.3938 11.5509 11.701 11.8308 11.9288 11.9862 
10.9887 11.0445 11.1396 11.2656 11.4114 11.5639 11.7097 11.8358 11.9309 11.9866 
11.0052 11.0601 11.1536 11.2776 11.421 11.5711 11.7145 11.8384 11.932 11.9869 
11.0117 11.0662 11.1591 11.2823 11.4248 11.5738 11.7163 11.8395 11.9324 11.9869 
11.013 11.0674 11.1603 11.2833 11.4255 11.5744 11.7167 11.8397 11.9325 11.987 
