HOLE_cv 201 203 217 219 221 223 211 209 183 181 167 165 159 157 153 155 125 127 177 179 189 191 135 133 111 109 107 105 99 97 93 95 41 43 77 79 89 91 51 49 27 25 19 17 15 13 9 11 113 115 141 143 149 151 123 121 83 81 67 65 63 61 57 59 117 119 161 163 169 171 131 129 103 101 87 85 75 73 69 71
HOLE1_cv 201 203 217 219 221 223 211 209 183 181 167 165 159 157 153 155
HOLE3_cv 41 43 77 79 89 91 51 49 27 25 19 17 15 13 9 11
HOLE4_cv 113 115 141 143 149 151 123 121 83 81 67 65 63 61 57 59
HOLE5_cv 117 119 161 163 169 171 131 129 103 101 87 85 75 73 69 71
HOLE2_cv 125 127 177 179 189 191 135 133 111 109 107 105 99 97 93 95
HOLE_fa 432 433 434 435 436 437 438 439 440 441 442 443 444 445 446 447 448 449 450 451 452 453 454 455 456 457 458 459 460 461 462 463 464 465 466 467 468 469 470 471 472 473 474 475 476 477 478 479 480 481 482 483 484 485 486 487 488 489 490 491 492 493 494 495 496 497 498 499 500 501 502 503 504 505 506 507 508 509 510 511
HOLE1_fa 436 437 438 439 442 443 447 446 445 444 441 440 433 432 434 435
HOLE2_fa 452 453 454 455 458 459 463 462 461 460 457 456 449 448 450 451
HOLE3_fa 468 469 470 471 474 475 479 478 477 476 473 472 465 464 466 467
HOLE4_fa 484 485 486 487 490 491 495 494 493 492 489 488 481 480 482 483
HOLE5_fa 500 501 502 503 506 507 511 510 509 508 505 504 497 496 498 499
WALL_cv 0 1 2 4 5 134 136 138 12 14 16 18 20 21 132 28 29 31 32 34 53 55 56 185 58 187 192 194 195 198 199 206 207 213 214 215 216 218 220 222 108 110 112 114
WALL_fa 384 385 386 387 388 389 390 391 392 393 394 395 396 397 398 399 400 401 402 403 404 405 406 407 408 409 410 411 412 413 414 415 416 417 418 419 420 421 422 423 424 425 426 427 428 429 430 431
C_list 10.0 6.0 6.0 10.0 2.0 6.0 6.0 2.0 6.0 6.0
chunk1 54 42 48 43 88 89 49 52 53 24 25 26 27 20 21 22 23 46 47 44 45 28 29 40 41 1 0 3 2 5 4 7 6 9 8 51 39 77 76 38 91 90 79 78 11 10 13 12 15 14 17 16 19 18 31 30 37 36 35 34 33 55 32 50
chunk2 133 132 131 130 135 134 160 161 162 96 120 121 122 123 124 125 126 127 128 129 59 58 57 56 179 178 191 190 115 114 117 116 111 110 113 112 82 83 80 81 86 87 84 85 108 109 102 103 100 101 106 107 104 105 177 176 60 61 62 63 64 65 66 67 68 69 171 170 188 189 99 98 168 169 93 92 95 94 97 163 151 150 119 118 142 143 140 141 148 149 75 74 73 72 71 70
chunk3 216 201 153 152 155 154 157 156 159 158 197 196 213 203 193 192 202 137 136 194 199 139 138 173 172 198 174 210 175 211 182 183 180 181 186 187 184 185 219 200 146 147 144 145 205 204 207 206 209 208 221 217 215 218 164 165 166 167 223 222 214 220 212 195
fa1_list 158 138 154 134
fa2_list 278 296 282 292
chunk1_rcv 90 78 88 76
chunk2_lcv 86 74 84 72
chunk2_rcv 160 170 162 168
chunk3_lcv 156 166 158 164
