384 0 1 386
1 2 3 387
385 4 5 0
5 6 7 2
3 8 9 400
9 10 11 401
7 12 13 8
13 14 15 10
11 16 17 18
17 19 466 20
15 21 22 16
22 23 467 19
18 24 25 404
20 464 26 24
25 27 28 405
26 465 29 27
28 30 31 408
29 472 32 30
31 33 34 409
32 473 35 33
36 37 38 412
38 39 40 413
41 42 43 37
43 44 45 39
46 47 36 34
35 476 48 46
49 50 41 47
477 51 49 48
40 52 53 416
53 54 420 417
45 55 56 52
56 57 421 54
388 58 59 4
59 60 61 6
389 62 63 58
63 64 65 60
61 66 67 12
67 68 69 14
65 70 71 66
71 72 73 68
69 74 75 21
75 76 468 23
73 77 78 74
78 79 469 76
80 81 82 42
82 83 84 44
85 86 87 81
87 88 89 83
90 91 80 50
478 92 90 51
93 94 85 91
95 93 92 479
84 96 97 55
97 98 422 57
89 99 100 96
100 101 423 98
390 102 103 104
103 105 482 106
391 107 108 102
108 109 483 105
104 110 111 62
106 480 112 110
111 113 114 64
112 481 115 113
114 116 117 70
115 488 118 116
117 119 120 72
118 489 121 119
122 123 124 125
124 126 498 127
128 129 130 123
130 131 499 126
125 132 133 134
127 496 135 132
133 136 137 138
135 497 139 136
77 134 140 141
79 141 142 470
140 138 143 144
142 144 145 471
146 147 122 120
121 492 148 146
149 150 128 147
493 151 149 148
137 152 153 154
139 504 155 152
153 156 157 158
155 505 159 156
143 154 160 161
145 161 162 474
160 158 94 163
162 163 95 475
164 165 166 167
166 168 450 169
170 171 172 165
172 173 451 168
167 174 175 86
169 448 176 174
175 177 178 88
176 449 179 177
180 181 164 157
159 508 182 180
183 184 170 181
509 185 183 182
178 186 187 99
179 456 188 186
187 189 190 101
188 457 191 189
192 193 424 190
191 460 194 192
195 196 425 193
461 197 195 194
392 198 199 107
199 200 484 109
393 201 202 198
202 203 485 200
204 205 206 129
206 207 500 131
208 209 210 205
210 211 501 207
212 213 204 150
494 214 212 151
215 216 208 213
217 215 214 495
218 219 220 171
220 221 452 173
222 223 224 219
224 225 453 221
226 227 218 184
510 228 226 185
229 230 222 227
231 229 228 511
232 233 426 196
462 234 232 197
235 236 427 233
237 235 234 463
394 238 239 240
239 241 242 243
395 244 245 238
245 246 247 241
201 240 248 249
203 249 250 486
248 243 251 252
250 252 253 487
242 254 255 256
255 257 258 259
247 260 261 254
261 262 263 257
251 256 264 265
253 265 266 490
264 259 216 267
266 267 217 491
258 268 269 270
269 271 434 272
263 273 274 268
274 275 435 271
270 276 277 278
272 432 279 276
277 280 281 282
279 433 283 280
209 278 284 285
211 285 286 502
284 282 287 288
286 288 289 503
281 290 291 292
283 440 293 290
291 294 295 296
293 441 297 294
287 292 298 299
289 299 300 506
298 296 230 301
300 301 231 507
302 303 304 305
304 306 307 308
309 310 311 303
311 312 313 306
223 305 314 315
225 315 316 454
314 308 317 318
316 318 319 455
320 321 302 295
297 444 322 320
323 324 309 321
445 325 323 322
307 326 327 328
327 329 428 330
313 331 332 326
332 333 429 329
317 328 334 335
319 335 336 458
334 330 236 337
336 337 237 459
396 338 339 244
339 340 341 246
397 398 342 338
342 399 343 340
341 344 345 260
345 346 347 262
343 402 348 344
348 403 349 346
347 350 351 273
351 352 436 275
349 353 354 350
354 355 437 352
356 357 358 310
358 359 360 312
361 414 362 357
362 415 363 359
364 365 356 324
446 366 364 325
367 368 361 365
369 367 366 447
360 370 371 331
371 372 430 333
363 418 373 370
373 419 431 372
353 406 374 375
355 375 376 438
374 407 377 378
376 378 379 439
377 410 380 381
379 381 382 442
380 411 368 383
382 383 369 443
