4.592315595023108 4.32322344168225 0.9915402716064019 4.000000095147124
4.000000095147124 0.9915402716064019 0.4915402566064018 4.969670087046753
4.32322344168225 3.7309078643960634 0.9865600076913532 0.9915402716064019
0.9915402716064019 0.9865600076913532 0.49501975108495144 0.4915402566064018
4.969670087046753 0.4915402566064018 1.9879765920591028 3.480907858498939
3.480907858498939 1.9879765920591028 1.4795168186655046 3.1927234505996926
0.4915402566064018 0.49501975108495144 1.9879765920591028 1.9879765920591028
1.9879765920591028 1.9879765920591028 1.4950197810849515 1.4795168186655046
3.1927234505996926 1.4795168186655046 0.4865944332024542 0.9816141842874057
0.9816141842874057 0.4865944332024542 4.48548645494208 3.4076845656713326
1.4795168186655046 1.4950197810849515 0.976633920374847 0.4865944332024542
0.4865944332024542 0.976633920374847 5.132584455943901 4.48548645494208
3.1927234505996926 0.9816141842874057 0.49003948717239276 4.970321442684073
0.9816141842874057 3.4076845656713326 4.32322344168225 0.49003948717239276
4.970321442684073 0.49003948717239276 1.987976589393592 5.455807786063385
0.49003948717239276 4.32322344168225 4.969670087046753 1.987976589393592
5.455807786063385 1.987976589393592 1.4745709925960462 5.4854863804420795
1.987976589393592 4.969670087046753 5.9999999775 1.4745709925960462
5.4854863804420795 1.4745709925960462 1.987976589393592 5.647098053001821
1.4745709925960462 5.9999999775 5.9999999925 1.987976589393592
5.647098053001821 1.4900395171723928 1.139414101317707 4.580292134892016
4.580292134892016 1.139414101317707 0.9725979069729204 4.23302186920172
1.4900395171723928 0.3232232928276062 1.4580843552635498 1.139414101317707
1.139414101317707 1.4580843552635498 0.9696698784828186 0.9725979069729204
1.987976589393592 2.000000045 1.4900395171723928 5.647098053001821
1.987976589393592 5.9999999925 4.79525314163734 2.000000045
2.000000045 1.649374629145314 0.3232232928276062 1.4900395171723928
4.79525314163734 4.507068782459765 1.649374629145314 2.000000045
4.23302186920172 0.9725979069729204 2.000000015 4.250000089249999
4.250000089249999 2.000000015 4.970321442746839 4.75000002975
0.9725979069729204 0.9696698784828186 0.592315500468247 2.000000015
2.000000015 0.592315500468247 5.1325844560066685 4.970321442746839
3.7309078643960634 5.455807786251686 0.2690922076406408 0.9865600076913532
0.9865600076913532 0.2690922076406408 0.8072766229219224 0.49501975108495144
5.455807786251686 5.647098053064589 0.5190922076406408 0.2690922076406408
0.2690922076406408 0.5190922076406408 0.25 0.8072766229219224
0.49501975108495144 0.8072766229219224 0.75 1.9879765920591028
1.9879765920591028 0.75 0.5190921950172998 1.4950197810849515
0.8072766229219224 0.25 0.2690921950172998 0.75
0.75 0.2690921950172998 0.8072765850518993 0.5190921950172998
1.4950197810849515 0.5190921950172998 0.5923155474495507 0.976633920374847
0.976633920374847 0.5923155474495507 5.9999999775 5.132584455943901
0.5190921950172998 0.8072765850518993 0.323223352432251 0.5923155474495507
0.5923155474495507 0.323223352432251 5.9999999925 5.9999999775
0.3232232928276062 0.9696700572967529 0.4900394372514876 1.4580843552635498
1.4580843552635498 0.4900394372514876 0.9766338328042958 0.9696698784828186
0.9696700572967529 0.4865943955528082 0.9816141213822249 0.4900394372514876
0.4900394372514876 0.9816141213822249 0.49501972582941667 0.9766338328042958
1.649374629145314 1.4900394672514876 0.9696700572967529 0.3232232928276062
4.507068782459765 4.5070687837403085 1.4900394672514876 1.649374629145314
1.4900394672514876 1.9879765884929717 0.4865943955528082 0.9696700572967529
4.233021871936336 1.9879765884929717 1.4900394672514876 4.5070687837403085
0.9696698784828186 0.9766338328042958 1.4745709540457799 0.592315500468247
0.592315500468247 1.4745709540457799 4.795253144024899 5.1325844560066685
0.9766338328042958 0.49501972582941667 1.9879765884929717 1.4745709540457799
1.4745709540457799 1.9879765884929717 4.5802921361725595 4.795253144024899
5.647098053064589 4.323223441682252 0.9725979339015444 1.4950197558294167
1.4950197558294167 0.9725979339015444 4.9775782561507995 4.969670087046753
4.323223441682252 5.154354896218549 1.1394140187207809 0.9725979339015444
0.9725979339015444 1.1394140187207809 5.463064599655646 4.9775782561507995
5.647098053064589 1.4950197558294167 1.4580843071563927 0.5190922076406408
1.4950197558294167 4.969670087046753 5.654354866468549 1.4580843071563927
0.5190922076406408 1.4580843071563927 1.6493745964692934 0.25
1.4580843071563927 5.654354866468549 5.9999999775 1.6493745964692934
0.25 1.6493745964692934 2.000000045 0.2690921950172998
1.6493745964692934 5.9999999775 5.9999999925 2.000000045
0.2690921950172998 2.000000045 2.000000015 0.8072765850518993
2.000000045 5.9999999925 6.8456451329288 2.000000015
0.8072765850518993 0.9865599686139378 0.9915402577845215 0.49154024278452113
0.49154024278452113 0.9915402577845215 6.536935368786399 6.3456451179288
0.9865599686139378 1.9879765892200079 1.4795168020045288 0.9915402577845215
0.9915402577845215 1.4795168020045288 7.67677669256775 6.536935368786399
0.8072765850518993 0.49154024278452113 2.9843883447161685 1.9879765892200085
0.49154024278452113 6.3456451179288 7.022421787996549 2.9843883447161685
1.9879765892200085 2.9843883447161685 2.9893686339035312 2.472364862025271
2.9843883447161685 7.022421787996549 7.030329957703247 2.9893686339035312
0.323223352432251 0.8072765850518993 1.9879765892200085 2.504980363937363
5.9999999925 0.323223352432251 2.504980363937363 6.514513603936383
2.504980363937363 1.9879765892200085 2.472364862025271 3.975953183124217
6.514513603936383 2.504980363937363 3.975953183124217 6.867415565602725
2.000000015 3.4603414235903855 0.9865599686139378 0.8072765850518993
2.000000015 6.8456451329288 6.352901939166343 3.4603414235903855
3.4603414235903855 3.975953183124217 1.9879765892200079 0.9865599686139378
6.352901939166343 6.544192221062646 3.975953183124217 3.4603414235903855
2.472364862025271 2.9893686339035312 2.99436174590536 3.5049803934373633
2.9893686339035312 7.030329957703247 7.514513648936382 2.99436174590536
3.5049803934373633 2.99436174590536 2.477357971361589 0.4865943955528082
2.99436174590536 7.514513648936382 7.676776692567749 2.477357971361589
3.975953183124217 2.472364862025271 3.5049803934373633 2.9993420350902333
6.867415565602725 3.975953183124217 2.9993420350902333 7.029678609234091
2.9993420350902333 3.5049803934373633 0.4865943955528082 1.9879765884929717
7.029678609234091 2.9993420350902333 1.9879765884929717 4.233021871936336
0.4865943955528082 2.5099606531222367 3.4653345302611926 3.975953177793196
3.975953177793196 3.4653345302611926 6.352901923774171 7.0303299577032465
2.5099606531222367 3.975953177793196 3.5099606826222365 3.4653345302611926
3.4653345302611926 3.5099606826222365 6.867415550210554 6.352901923774171
0.4865943955528082 3.975953177793196 2.860586071881506 0.9816141213822249
3.975953177793196 7.0303299577032465 6.544192174886131 2.860586071881506
0.9816141213822249 2.860586071881506 2.3506254637592696 0.49501972582941667
2.860586071881506 6.544192174886131 7.02967859384192 2.3506254637592696
2.477357971361589 2.5419157231555727 2.5099606531222367 0.4865943955528082
2.477357971361589 7.676776692567749 7.676776692567749 2.5419157231555727
2.5419157231555727 3.676776736817749 3.975953177793196 2.5099606531222367
7.676776692567749 7.0303299577032465 3.676776736817749 2.5419157231555727
0.49501972582941667 2.3506254637592696 3.0274021260770185 1.9879765884929717
2.3506254637592696 7.02967859384192 6.514513619455734 3.0274021260770185
1.9879765884929717 3.0274021260770185 3.030329972453247 4.5802921361725595
3.0274021260770185 6.514513619455734 6.867415588881752 3.030329972453247
3.030329972453247 2.5099606438959112 6.352901946926019 4.5802921361725595
3.030329972453247 6.867415588881752 6.544192228822322 2.5099606438959112
2.5099606438959112 2.9993430921095516 7.514513664455733 6.352901946926019
6.544192228822322 7.676776692567749 2.9993430921095516 2.5099606438959112
5.154354896218549 7.029678616993767 2.477359036706612 1.1394140187207809
1.1394140187207809 2.477359036706612 7.0303299577032465 5.463064599655646
7.029678616993767 6.352901947053199 2.994362807832923 2.477359036706612
2.477359036706612 2.994362807832923 6.867415589008932 7.0303299577032465
1.9879765892200079 2.5049803596192826 3.509960673395911 1.4795168020045288
1.4795168020045288 3.509960673395911 6.544192229203861 7.67677669256775
2.5049803596192826 3.9759531759919553 3.4653355947055955 3.509960673395911
3.509960673395911 3.4653355947055955 7.029678617120947 6.544192229203861
3.975953183124217 3.9759531759919553 2.5049803596192826 1.9879765892200079
6.544192221062646 7.676776692567749 3.9759531759919553 3.975953183124217
3.9759531759919553 3.5049803891192823 3.9759531759919553 2.5049803596192826
7.0303299577032465 3.5049803891192823 3.9759531759919553 7.676776692567749
3.975953177793196 2.3506254825336255 2.860586081429537 3.5099606826222365
3.5099606826222365 2.860586081429537 6.345645133575331 6.867415550210554
2.3506254825336255 2.5419157887049657 3.0274022044560196 2.860586081429537
2.860586081429537 3.0274022044560196 6.845645148575331 6.345645133575331
3.676776736817749 3.676776796422394 2.3506254825336255 3.975953177793196
7.0303299577032465 6.536935415725994 3.676776796422394 3.676776736817749
3.676776796422394 3.030330151267181 2.5419157887049657 2.3506254825336255
7.0224218036430806 3.030330151267181 3.676776796422394 6.536935415725994
2.9993430921095516 2.989368623202716 7.676776692567749 7.514513664455733
7.676776692567749 7.0303299577032465 2.989368623202716 2.9993430921095516
2.989368623202716 2.4723648528034414 9.015611783364534 7.676776692567749
8.539658718300261 2.4723648528034414 2.989368623202716 7.0303299577032465
6.352901947053199 8.024046987435728 3.9759531774460273 2.984388338333434
2.984388338333434 3.9759531774460273 3.975953177446028 3.460341411529461
8.024046987435728 9.010631494054559 5.15435490391546 3.9759531774460273
3.9759531774460273 5.15435490391546 4.977578263847711 3.975953177446028
2.994362807832923 6.352901947053199 2.984388338333434 4.32322344168225
6.867415589008932 2.994362807832923 4.32322344168225 8.495019763190026
4.32322344168225 2.984388338333434 3.460341411529461 5.46306462274638
8.495019763190026 4.32322344168225 5.46306462274638 8.024046987435728
3.460341411529461 3.975953177446028 5.9999999775 4.969670087046753
4.969670087046753 5.9999999775 5.654354874165461 3.9759531759919553
3.975953177446028 4.977578263847711 5.9999999925 5.9999999775
5.9999999775 5.9999999925 4.580292143401451 5.654354874165461
5.46306462274638 3.460341411529461 4.969670087046753 4.233021884843417
8.024046987435728 5.46306462274638 4.233021884843417 10.012023493717866
4.233021884843417 4.969670087046753 3.9759531759919553 3.5049803891192823
10.012023493717866 4.233021884843417 3.5049803891192823 7.0303299577032465
3.9759531759919553 5.654354874165461 4.5070687909692 4.795253160033381
4.795253160033381 4.5070687909692 10.012023493717866 9.527635239582398
5.654354874165461 4.580292143401451 4.250000089249999 4.5070687909692
4.5070687909692 4.250000089249999 9.495019748190025 10.012023493717866
3.9759531759919553 4.795253160033381 4.507068783913892 4.75000002975
4.795253160033381 9.527635239582398 7.766978230968817 4.507068783913892
4.75000002975 4.507068783913892 4.795253144198483 4.233021872457088
4.507068783913892 7.766978230968817 7.419707936100839 4.795253144198483
3.4653355947055955 3.9759531759919553 4.75000002975 4.580292136346143
7.029678617120947 3.4653355947055955 4.580292136346143 7.204746863163543
4.580292136346143 4.75000002975 4.233021872457088 4.32322344168225
7.204746863163543 4.580292136346143 4.32322344168225 7.750000045
4.233021872457088 4.795253144198483 4.4854864549420785 4.969670087046753
4.795253144198483 7.419707936100839 7.492931288533089 4.4854864549420785
4.969670087046753 4.4854864549420785 5.1325844559439 2.5419157887049657
4.4854864549420785 7.492931288533089 7.2500000149999995 5.1325844559439
4.32322344168225 4.233021872457088 4.969670087046753 4.970321442684073
7.750000045 4.32322344168225 4.970321442684073 9.005638377298503
4.970321442684073 4.969670087046753 2.5419157887049657 3.030330151267181
9.005638377298503 4.970321442684073 3.030330151267181 7.0224218036430806
2.5419157887049657 4.323223441682251 4.969670087046753 5.455807786063384
5.455807786063384 4.969670087046753 5.9999999775 5.4854863804420795
4.323223441682251 5.647098053001821 5.9999999925 4.969670087046753
4.969670087046753 5.9999999925 4.59231560517259 5.9999999775
3.0274022044560196 2.5419157887049657 5.455807786063384 4.269092280043443
6.845645148575331 3.0274022044560196 4.269092280043443 8.53466560068531
4.269092280043443 5.455807786063384 5.4854863804420795 4.000000116553103
8.53466560068531 4.269092280043443 4.000000116553103 8.024046986576831
5.1325844559439 4.807276611917914 4.323223441682251 2.5419157887049657
5.1325844559439 7.2500000149999995 9.000658087991017 4.807276611917914
4.807276611917914 4.519092252740339 5.647098053001821 4.323223441682251
9.000658087991017 8.49003947388254 4.519092252740339 4.807276611917914
5.4854863804420795 5.9999999775 4.000000116553103 4.250000089249999
4.250000089249999 4.000000116553103 8.024046986576831 9.015611783364534
5.9999999775 4.59231560517259 4.75000002975 4.000000116553103
4.000000116553103 4.75000002975 10.012023493288417 8.024046986576831
4.000000116553103 5.4854863804420795 4.250000089249999 3.730907890281493
8.024046986576831 4.000000116553103 3.730907890281493 9.522642122396894
3.730907890281493 4.250000089249999 9.015611783364534 2.4723648528034414
9.522642122396894 3.730907890281493 2.4723648528034414 8.539658718300261
9.010631494054559 10.012023493288417 3.4076845105461384 5.15435490391546
5.15435490391546 3.4076845105461384 3.1927234426320643 4.977578263847711
10.012023493288417 9.49003945888254 7.766978229307654 3.4076845105461384
3.4076845105461384 7.766978229307654 7.492931287730822 3.1927234426320643
4.977578263847711 3.1927234426320643 3.7500000892500003 5.9999999925
5.9999999925 3.7500000892500003 3.4809078629783894 4.580292143401451
3.1927234426320643 7.492931287730822 7.204746861615636 3.7500000892500003
3.7500000892500003 7.204746861615636 7.419707935298571 3.4809078629783894
4.580292143401451 3.4809078629783894 3.25000002975 4.250000089249999
4.250000089249999 3.25000002975 9.139414028604591 9.495019748190025
3.4809078629783894 7.419707935298571 4.9703214427468385 3.25000002975
3.25000002975 4.9703214427468385 8.972597952154302 9.139414028604591
5.647098053001821 5.132584456006667 5.455807786251686 5.9999999925
5.9999999925 5.455807786251686 5.647098053064588 4.59231560517259
5.132584456006667 8.323223397432251 9.458084310283615 5.455807786251686
5.455807786251686 9.458084310283615 8.969670072296754 5.647098053064588
4.519092252740339 5.9999999775 5.132584456006667 5.647098053001821
8.49003947388254 10.0000000225 5.9999999775 4.519092252740339
5.9999999775 5.9999999925 8.323223397432251 5.132584456006667
9.649374592222053 5.9999999925 5.9999999775 10.0000000225
4.59231560517259 5.647098053064588 4.519092242590857 4.75000002975
4.75000002975 4.519092242590857 10.0000000075 10.012023493288417
5.647098053064588 8.969670072296754 8.592315576072332 4.519092242590857
4.519092242590857 8.592315576072332 8.26909223699267 10.0000000075
4.9703214427468385 7.419707935298571 8.000000058352589 4.269092248487982
8.972597952154302 4.9703214427468385 4.269092248487982 8.807276597567654
4.269092248487982 8.000000058352589 8.51909222364008 4.000000095147124
8.807276597567654 4.269092248487982 4.000000095147124 8.250000045
4.000000095147124 8.51909222364008 8.000000058352589 4.807276602875448
8.250000045 4.000000095147124 4.807276602875448 8.750000015
4.807276602875448 8.000000058352589 8.323223397432251 5.9999999925
8.750000015 4.807276602875448 5.9999999925 9.649374592222053
