7.029678687022125 7.67677682606775 0.49154062205010773 7.51451380452544
7.51451380452544 0.49154062205010773 0.9915406370501081 7.030330002203247
7.67677682606775 6.867415649689694 1.4795172188172292 0.49154062205010773
0.49154062205010773 1.4795172188172292 1.9879766267671224 0.9915406370501081
7.030330002203247 0.9915406370501081 0.49501972776080083 6.352901979164255
6.352901979164255 0.49501972776080083 0.9865603498109086 6.544192206967322
0.9915406370501081 1.9879766267671224 1.4950197577608009 0.49501972776080083
0.49501972776080083 1.4950197577608009 1.9879766267671215 0.9865603498109086
6.544192206967322 0.9865603498109086 2.9843883970329577 2.4723649490500788
2.4723649490500788 2.9843883970329577 8.000000234623421 7.029678671232004
0.9865603498109086 1.9879766267671215 3.460341545323212 2.9843883970329577
2.9843883970329577 3.460341545323212 8.269092368385884 8.000000234623421
6.544192206967322 2.4723649490500788 3.975953252540255 8.592315664694713
2.4723649490500788 7.029678671232004 8.323223530932252 3.975953252540255
8.592315664694713 3.975953252540255 2.504980363932905 8.807276642663965
3.975953252540255 8.323223530932252 8.969670116796753 2.504980363932905
8.807276642663965 2.504980363932905 2.9893686862158626 8.000000234623421
2.504980363932905 8.969670116796753 8.250000178499999 2.9893686862158626
8.000000234623421 2.9893686862158626 3.504980393432905 8.519092312262462
2.9893686862158626 8.250000178499999 8.7500000595 3.504980393432905
8.519092312262462 3.9759532525402546 4.2330219812050185 8.972598014706616
8.972598014706616 4.2330219812050185 4.580292051137725 9.139414083164947
3.9759532525402546 4.323223322472963 4.795253171454037 4.2330219812050185
4.2330219812050185 4.795253171454037 4.969669729418884 4.580292051137725
3.504980393432905 4.250000089249999 3.9759532525402546 8.519092312262462
3.504980393432905 8.7500000595 9.458084327932514 4.250000089249999
4.250000089249999 4.507068817914764 4.323223322472963 3.9759532525402546
9.458084327932514 9.649374602774365 4.507068817914764 4.250000089249999
9.139414083164947 4.580292051137725 4.75000002975 10.0
10.0 4.75000002975 7.4076845697771745 10.0
4.580292051137725 4.969669729418884 4.977578116925692 4.75000002975
4.75000002975 4.977578116925692 7.730907978332848 7.4076845697771745
6.867415649689694 7.192723472504856 5.15435489870273 1.4795172188172292
1.4795172188172292 5.15435489870273 5.463064517108188 1.9879766267671224
7.192723472504856 7.4809079222094255 5.65435486895273 5.15435489870273
5.15435489870273 5.65435486895273 6.000000045 5.463064517108188
1.9879766267671224 5.463064517108188 6.000000015 1.4950197577608009
1.4950197577608009 6.000000015 6.345645189441655 1.9879766267671215
5.463064517108188 6.000000045 6.845645248941654 6.000000015
6.000000015 6.845645248941654 6.536935448824961 6.345645189441655
1.9879766267671215 6.345645189441655 7.022421881509404 3.460341545323212
3.460341545323212 7.022421881509404 7.750000178500001 8.269092368385884
6.345645189441655 6.536935448824961 7.67677682606775 7.022421881509404
7.022421881509404 7.67677682606775 7.2500000595 7.750000178500001
4.323223322472963 7.030330002203247 8.024047177722531 4.795253171454037
4.795253171454037 8.024047177722531 8.539658866088391 4.969669729418884
7.030330002203247 9.01561186686586 9.527635277942522 8.024047177722531
8.024047177722531 9.527635277942522 10.012023470576661 8.539658866088391
4.507068817914764 8.024047177722531 7.030330002203247 4.323223322472963
9.649374602774365 10.350625426445216 8.024047177722531 4.507068817914764
8.024047177722531 8.495019888944043 9.01561186686586 7.030330002203247
10.860586004952339 8.495019888944043 8.024047177722531 10.350625426445216
4.969669729418884 8.539658866088391 9.010631577309905 4.977578116925692
4.977578116925692 9.010631577309905 10.541915700828527 7.730907978332848
8.539658866088391 10.012023470576661 9.495019769944044 9.010631577309905
9.010631577309905 9.495019769944044 11.027402074012965 10.541915700828527
7.4809079222094255 11.676776647567749 7.419708041326729 10.012023470576661
10.012023470576661 7.419708041326729 11.407684452465464 11.030329942703247
11.676776647567749 11.730907804897715 7.766978392981511 7.419708041326729
7.419708041326729 7.766978392981511 11.192723414693145 11.407684452465464
7.4809079222094255 10.012023470576661 7.204746944054406 5.65435486895273
10.012023470576661 11.030329942703247 11.480907804897715 7.204746944054406
5.65435486895273 7.204746944054406 7.49293139375898 6.000000045
7.204746944054406 11.480907804897715 11.75 7.49293139375898
6.000000045 7.49293139375898 7.750000178500001 6.845645248941654
7.49293139375898 11.75 11.25 7.750000178500001
6.845645248941654 7.750000178500001 7.2500000595 6.536935448824961
7.750000178500001 11.25 0.26909218840524596 7.2500000595
6.536935448824961 10.520482883032141 11.508459412455478 11.008459412455478
11.008459412455478 11.508459412455478 0.8072765652157379 0.519092188405246
10.520482883032141 10.504980289254805 11.013439701710283 11.508459412455478
11.508459412455478 11.013439701710283 0.3232232928276062 0.8072765652157379
6.536935448824961 11.008459412455478 0.486594398568295 11.504980289254805
11.008459412455478 0.519092188405246 0.5923154812328522 0.486594398568295
11.504980289254805 0.486594398568295 1.4745709579511237 0.9816141263290958
0.486594398568295 0.5923154812328522 0.9696698784828186 1.4745709579511237
7.67677682606775 6.536935448824961 11.504980289254805 1.9879765893828285
7.2500000595 7.67677682606775 1.9879765893828285 4.0000000961078594
1.9879765893828285 11.504980289254805 0.9816141263290958 0.49003944052409154
4.0000000961078594 1.9879765893828285 0.49003944052409154 4.269092249913401
7.2500000595 0.9766338390923865 10.520482883032141 6.536935448824961
7.2500000595 0.26909218840524596 4.519092243055541 0.9766338390923865
0.9766338390923865 1.4900394705240916 10.504980289254805 10.520482883032141
4.519092243055541 4.807276603308765 1.4900394705240916 0.9766338390923865
0.9816141263290958 1.4745709579511237 2.4773590456507137 1.9879765893828285
1.4745709579511237 0.9696698784828186 4.0000000961078594 2.4773590456507137
1.9879765893828285 2.4773590456507137 2.9943628202007906 9.01561186686586
2.4773590456507137 4.0000000961078594 4.32322344168225 2.9943628202007906
0.49003944052409154 0.9816141263290958 1.9879765893828285 3.465335604539554
4.269092249913401 0.49003944052409154 3.465335604539554 4.592315595487792
3.465335604539554 1.9879765893828285 9.01561186686586 8.495019888944043
4.592315595487792 3.465335604539554 8.495019888944043 10.860586004952339
9.01561186686586 3.975953177771669 2.999343109381205 2.5099606531133194
2.5099606531133194 2.999343109381205 3.4809078599557246 4.969670087046753
3.975953177771669 3.5099606826133196 3.975953177771669 2.999343109381205
2.999343109381205 3.975953177771669 3.7309078668135847 3.4809078599557246
9.01561186686586 2.5099606531133194 4.233021872409114 9.527635277942522
2.5099606531133194 4.969670087046753 3.1927234540093146 4.233021872409114
9.527635277942522 4.233021872409114 4.507068783887444 10.012023470576661
4.233021872409114 3.1927234540093146 3.4076845671281184 4.507068783887444
2.9943628202007906 4.795253144140668 3.975953177771669 9.01561186686586
2.9943628202007906 4.32322344168225 3.676776796422394 4.795253144140668
4.795253144140668 4.32322344168225 3.5099606826133196 3.975953177771669
3.676776796422394 3.030330151267181 4.32322344168225 4.795253144140668
10.012023470576661 4.507068783887444 4.580292136319695 9.495019769944044
4.507068783887444 3.4076845671281184 8.000000235081995 4.580292136319695
9.495019769944044 4.580292136319695 4.969670087046753 11.027402074012965
4.580292136319695 8.000000235081995 8.269092369124605 4.969670087046753
4.969670087046753 8.02404716506205 8.51909231254261 11.027402074012965
4.969670087046753 8.269092369124605 8.807276643045832 8.02404716506205
8.02404716506205 8.534665727530248 8.000000235081995 8.51909231254261
8.807276643045832 8.32322353093225 8.534665727530248 8.02404716506205
11.730907804897715 8.59231566497486 9.005638451412242 7.766978392981511
7.766978392981511 9.005638451412242 8.969670116796753 11.192723414693145
8.59231566497486 7.480907922846425 9.52264214571462 9.005638451412242
9.005638451412242 9.52264214571462 7.73090797942842 8.969670116796753
10.504980289254805 10.012023464246422 8.02404716506205 11.013439701710283
11.013439701710283 8.02404716506205 7.19272347395728 0.3232232928276062
10.012023464246422 8.490039599390581 9.00065816185878 8.02404716506205
8.02404716506205 9.00065816185878 7.407684570414174 7.19272347395728
1.4900394705240916 9.490039480390582 10.012023464246422 10.504980289254805
4.807276603308765 7.67677682606775 9.490039480390582 1.4900394705240916
9.490039480390582 10.012023464246422 8.490039599390581 10.012023464246422
7.030330002203247 10.012023464246422 9.490039480390582 7.67677682606775
3.5099606826133196 7.492931377949844 7.766978364511894 3.975953177771669
3.975953177771669 7.766978364511894 11.480907805305428 3.7309078668135847
7.492931377949844 7.2047469092874845 7.419708025517593 7.766978364511894
7.766978364511894 7.419708025517593 11.730907805305428 11.480907805305428
4.32322344168225 7.67677682606775 7.492931377949844 3.5099606826133196
3.030330151267181 11.192723415916284 7.67677682606775 4.32322344168225
7.67677682606775 7.030330002203247 7.2047469092874845 7.492931377949844
11.407684452873177 7.030330002203247 7.67677682606775 11.192723415916284
8.534665727530248 10.525429080518814 11.676776647567749 8.000000235081995
8.32322353093225 11.030329942703247 10.525429080518814 8.534665727530248
10.525429080518814 11.018385905527197 0.48659440226404427 11.676776647567749
0.976633847963351 11.018385905527197 10.525429080518814 11.030329942703247
7.480907922846425 0.4900394456993067 10.50996057850712 11.513405616272392
11.513405616272392 10.50996057850712 11.50996057850712 11.023366194779513
0.4900394456993067 1.4745709613508622 0.26909219165257026 10.50996057850712
10.50996057850712 0.26909219165257026 0.592315514282499 11.50996057850712
9.52264214571462 7.480907922846425 11.513405616272392 0.3232233226299287
7.73090797942842 9.52264214571462 0.3232233226299287 1.987976589086818
0.3232233226299287 11.513405616272392 11.023366194779513 0.8072765749577107
1.987976589086818 0.3232233226299287 0.8072765749577107 1.4900394756993067
11.023366194779513 11.50996057850712 0.25 0.9696699678897859
0.9696699678897859 0.25 0.5190921916525703 8.490039599390581
11.50996057850712 0.592315514282499 0.75 0.25
0.25 0.75 0.9725978938408795 0.5190921916525703
0.8072765749577107 11.023366194779513 0.9696699678897859 1.1394140117350422
1.4900394756993067 0.8072765749577107 1.1394140117350422 0.4950197303496533
1.1394140117350422 0.9696699678897859 8.490039599390581 10.012023464246422
0.4950197303496533 1.1394140117350422 10.012023464246422 7.030330002203247
8.490039599390581 0.5190921916525703 1.6493745862109508 1.458084273108761
1.458084273108761 1.6493745862109508 1.4950197603496533 0.9816141326136976
0.5190921916525703 0.9725978938408795 2.000000045 1.6493745862109508
1.6493745862109508 2.000000045 1.987976589086818 1.4950197603496533
8.490039599390581 1.458084273108761 2.350625463748315 2.000000015
1.458084273108761 0.9816141326136976 1.1394140082133064 2.350625463748315
2.000000015 2.350625463748315 2.541915723131625 2.8605860718616345
2.350625463748315 1.1394140082133064 0.9725978553416059 2.541915723131625
9.00065816185878 8.490039599390581 2.000000015 3.0274021260660637
7.407684570414174 9.00065816185878 3.0274021260660637 1.458084241842693
3.0274021260660637 2.000000015 2.8605860718616345 3.676776736817749
1.458084241842693 3.0274021260660637 3.676776736817749 2.000000045
2.8605860718616345 2.541915723131625 4.000000117235945 3.030329972453247
2.541915723131625 0.9725978553416059 1.6493745775139996 4.000000117235945
3.030329972453247 4.000000117235945 4.269092281554668 7.2047469092874845
4.000000117235945 1.6493745775139996 2.000000015 4.269092281554668
3.676776736817749 2.8605860718616345 3.030329972453247 4.592315606000975
2.000000045 3.676776736817749 4.592315606000975 2.477359037896163
4.592315606000975 3.030329972453247 7.2047469092874845 7.030330002203247
2.477359037896163 4.592315606000975 7.030330002203247 11.407684452873177
7.2047469092874845 4.323223441682251 4.969670087046753 4.8072766137202265
4.8072766137202265 4.969670087046753 4.250000089249999 4.000000117235945
4.323223441682251 4.519092253568724 4.75000002975 4.969670087046753
4.969670087046753 4.75000002975 4.97032145367208 4.250000089249999
7.419708025517593 7.2047469092874845 4.8072766137202265 5.132584489311336
11.730907805305428 7.419708025517593 5.132584489311336 2.9993430925042723
5.132584489311336 4.8072766137202265 4.000000117235945 4.485486477321508
2.9993430925042723 5.132584489311336 4.485486477321508 2.509960643694927
4.269092281554668 5.455807796647976 4.323223441682251 7.2047469092874845
4.269092281554668 2.000000015 3.465335596488993 5.455807796647976
5.455807796647976 5.647098086489828 4.519092253568724 4.323223441682251
3.465335596488993 3.9759531771796475 5.647098086489828 5.455807796647976
4.000000117235945 4.250000089249999 5.485486447821508 6.000000045
6.000000045 5.485486447821508 3.509960673194927 0.48659440226404427
4.250000089249999 4.97032145367208 6.0000000149999995 5.485486447821508
5.485486447821508 6.0000000149999995 2.504980359222464 3.509960673194927
4.485486477321508 4.000000117235945 6.000000045 5.132584489656946
2.509960643694927 4.485486477321508 5.132584489656946 2.9943628080318088
5.132584489656946 6.000000045 0.48659440226404427 11.018385905527197
2.9943628080318088 5.132584489656946 11.018385905527197 0.976633847963351
1.4745709613508622 3.5049803887224638 4.9703214540176885 0.26909219165257026
0.26909219165257026 4.9703214540176885 5.455807797684805 0.592315514282499
3.5049803887224638 3.9759531771796475 2.8605860807236168 4.9703214540176885
4.9703214540176885 2.8605860807236168 2.35062548202869 5.455807797684805
0.592315514282499 5.455807797684805 6.000000045 0.75
0.75 6.000000045 5.647098086835438 0.9725978938408795
5.455807797684805 2.35062548202869 2.541915787391142 6.000000045
6.000000045 2.541915787391142 3.027402203951084 5.647098086835438
0.9725978938408795 5.647098086835438 6.0000000149999995 2.000000045
2.000000045 6.0000000149999995 4.233021871470223 1.987976589086818
5.647098086835438 3.027402203951084 3.407684511083436 6.0000000149999995
6.0000000149999995 3.407684511083436 4.580292135972826 4.233021871470223
4.519092253568724 3.7309078915016323 3.1927234435611176 4.75000002975
4.75000002975 3.1927234435611176 3.4809078635156876 4.97032145367208
3.7309078915016323 4.32322344168225 4.795253143692078 3.1927234435611176
3.1927234435611176 4.795253143692078 4.969670087046753 3.4809078635156876
5.647098086489828 3.7500000892500003 3.7309078915016323 4.519092253568724
3.9759531771796475 4.250000089249999 3.7500000892500003 5.647098086489828
3.7500000892500003 3.25000002975 4.32322344168225 3.7309078915016323
4.507068783540575 3.25000002975 3.7500000892500003 4.250000089249999
4.97032145367208 3.4809078635156876 6.352901994954376 6.0000000149999995
6.0000000149999995 6.352901994954376 4.75000002975 2.504980359222464
3.4809078635156876 4.969670087046753 4.970321453672079 6.352901994954376
6.352901994954376 4.970321453672079 5.132584489311336 4.75000002975
3.407684511083436 3.027402203951084 4.485486477321508 6.8674156654798155
4.580292135972826 3.407684511083436 6.8674156654798155 5.455807796647976
6.8674156654798155 4.485486477321508 5.647098086489828 6.51451371552544
5.455807796647976 6.8674156654798155 6.51451371552544 6.000000045
6.51451371552544 5.647098086489828 5.485486447821508 6.544192254337686
6.000000045 6.51451371552544 6.544192254337686 6.0000000149999995
6.544192254337686 5.485486447821508 4.32322344168225 3.25000002975
6.0000000149999995 6.544192254337686 3.25000002975 4.507068783540575
