-1 2 1 -1
0 3 4 -1
-1 32 3 0
2 33 6 1
1 6 5 -1
4 7 8 -1
3 36 7 4
6 37 10 5
5 10 9 12
8 11 -1 13
7 40 11 8
10 41 -1 9
8 13 14 -1
9 -1 15 12
12 15 16 -1
13 -1 17 14
14 17 18 -1
15 -1 19 16
16 19 24 -1
17 -1 25 18
24 22 21 -1
20 23 28 -1
26 44 23 20
22 45 30 21
25 26 20 18
19 -1 27 24
27 48 22 24
-1 49 26 25
21 30 29 -1
28 31 -1 -1
23 52 31 28
30 53 -1 29
-1 34 33 2
32 35 36 3
-1 60 35 32
34 62 38 33
33 38 37 6
36 39 40 7
35 64 39 36
38 66 42 37
37 42 41 10
40 43 -1 11
39 76 43 40
42 77 -1 41
48 46 45 22
44 47 52 23
50 96 47 44
46 98 54 45
49 50 44 26
-1 51 48 27
51 90 46 48
91 50 49 -1
45 54 53 30
52 55 -1 31
47 104 55 52
54 106 -1 53
-1 58 57 60
56 59 -1 61
-1 112 59 56
58 113 -1 57
56 61 62 34
57 -1 63 60
60 63 64 35
61 -1 65 62
62 65 66 38
63 -1 67 64
64 67 80 39
65 -1 81 66
80 70 69 72
68 71 -1 73
82 116 71 68
70 117 -1 69
68 73 74 76
69 -1 75 72
72 75 84 78
73 -1 85 74
42 72 78 77
43 76 79 -1
76 74 88 79
77 78 89 -1
81 82 68 66
67 -1 83 80
83 120 70 80
-1 121 82 81
74 85 86 88
75 -1 87 84
84 87 100 90
85 -1 101 86
78 84 90 89
79 88 91 -1
88 86 50 91
89 90 51 -1
100 94 93 96
92 95 -1 97
102 124 95 92
94 125 -1 93
92 97 98 46
93 -1 99 96
96 99 104 47
97 -1 105 98
101 102 92 86
87 -1 103 100
103 128 94 100
-1 129 102 101
98 105 106 54
99 -1 107 104
104 107 108 55
105 -1 109 106
109 110 -1 106
107 -1 111 108
111 132 -1 108
-1 133 110 109
-1 114 113 58
112 115 -1 59
-1 140 115 112
114 141 -1 113
120 118 117 70
116 119 -1 71
122 160 119 116
118 161 -1 117
121 122 116 82
-1 123 120 83
123 150 118 120
151 122 121 -1
128 126 125 94
124 127 -1 95
130 176 127 124
126 177 -1 125
129 130 124 102
-1 131 128 103
131 170 126 128
171 130 129 -1
133 134 -1 110
-1 135 132 111
135 190 -1 132
191 134 133 -1
-1 138 137 140
136 139 144 142
-1 192 139 136
138 193 146 137
114 136 142 141
115 140 143 -1
140 137 148 143
141 142 149 -1
137 146 145 148
144 147 152 150
139 196 147 144
146 197 154 145
142 144 150 149
143 148 151 -1
148 145 122 151
149 150 123 -1
145 154 153 156
152 155 -1 157
147 200 155 152
154 201 -1 153
152 157 158 160
153 -1 159 156
156 159 164 162
157 -1 165 158
118 156 162 161
119 160 163 -1
160 158 168 163
161 162 169 -1
158 165 166 168
159 -1 167 164
164 167 180 170
165 -1 181 166
162 164 170 169
163 168 171 -1
168 166 130 171
169 170 131 -1
180 174 173 176
172 175 184 178
182 204 175 172
174 205 186 173
126 172 178 177
127 176 179 -1
176 173 188 179
177 178 189 -1
181 182 172 166
167 -1 183 180
183 208 174 180
-1 209 182 181
173 186 185 188
184 187 -1 190
175 212 187 184
186 213 -1 185
178 184 190 189
179 188 191 -1
188 185 134 191
189 190 135 -1
-1 194 193 138
192 195 196 139
-1 -1 195 192
194 -1 198 193
193 198 197 146
196 199 200 147
195 -1 199 196
198 -1 202 197
197 202 201 154
200 203 -1 155
199 216 203 200
202 217 -1 201
208 206 205 174
204 207 212 175
210 -1 207 204
206 -1 214 205
209 210 204 182
-1 211 208 183
211 222 206 208
223 210 209 -1
205 214 213 186
212 215 -1 187
207 -1 215 212
214 -1 -1 213
202 -1 218 217
203 216 219 -1
216 -1 220 219
217 218 221 -1
218 -1 222 221
219 220 223 -1
220 -1 210 223
221 222 211 -1
