156 157 0 158
158 0 1 159
157 160 2 0
0 2 3 1
159 1 4 161
161 4 5 162
1 3 6 4
4 6 7 5
162 5 9 8
8 9 164 163
5 7 10 9
9 10 165 164
162 8 11 166
8 163 167 11
166 11 12 168
11 167 169 12
168 12 13 170
12 169 171 13
170 13 14 172
13 171 173 14
172 15 16 174
174 16 17 175
15 18 19 16
16 19 20 17
14 21 15 172
14 173 176 21
21 22 18 15
176 177 22 21
175 17 23 178
178 23 180 179
17 20 24 23
23 24 181 180
160 182 25 2
2 25 26 3
182 183 27 25
25 27 28 26
3 26 29 6
6 29 30 7
26 28 31 29
29 31 32 30
7 30 33 10
10 33 184 165
30 32 34 33
33 34 185 184
18 35 36 19
19 36 37 20
35 38 39 36
36 39 40 37
22 41 35 18
177 186 41 22
41 42 38 35
187 42 41 186
20 37 43 24
24 43 188 181
37 40 44 43
43 44 189 188
183 190 46 45
45 46 192 191
190 193 47 46
46 47 194 192
183 45 48 27
45 191 195 48
27 48 49 28
48 195 196 49
28 49 50 31
49 196 197 50
31 50 51 32
50 197 198 51
32 52 54 53
53 54 200 199
52 55 56 54
54 56 201 200
32 53 58 57
53 199 202 58
57 58 60 59
58 202 203 60
34 32 57 61
185 34 61 204
61 57 59 62
204 61 62 205
51 63 52 32
51 198 206 63
63 64 55 52
206 207 64 63
59 60 66 65
60 203 208 66
65 66 67 38
66 208 209 67
62 59 65 68
205 62 68 210
68 65 38 42
210 68 42 187
38 69 71 70
70 71 212 211
69 72 73 71
71 73 213 212
38 70 74 39
70 211 214 74
39 74 75 40
74 214 215 75
67 76 69 38
67 209 216 76
76 77 72 69
216 217 77 76
40 75 78 44
75 215 218 78
44 78 79 189
78 218 219 79
79 80 220 189
79 219 221 80
80 81 222 220
221 223 81 80
193 224 82 47
47 82 225 194
224 226 83 82
82 83 227 225
55 84 85 56
56 85 228 201
84 86 87 85
85 87 229 228
64 88 84 55
207 230 88 64
88 89 86 84
231 89 88 230
72 90 91 73
73 91 232 213
90 92 93 91
91 93 233 232
77 94 90 72
217 234 94 77
94 95 92 90
235 95 94 234
81 96 236 222
223 237 96 81
96 97 238 236
239 97 96 237
226 240 99 98
98 99 101 100
240 241 102 99
99 102 103 101
83 226 98 104
227 83 104 242
104 98 100 105
242 104 105 243
100 101 107 106
106 107 108 86
101 103 109 107
107 109 110 108
105 100 106 111
243 105 111 244
111 106 86 89
244 111 89 231
86 108 113 112
112 113 246 245
108 110 114 113
113 114 247 246
86 112 116 115
112 245 248 116
115 116 118 117
116 248 249 118
87 86 115 119
229 87 119 250
119 115 117 120
250 119 120 251
117 118 122 121
118 249 252 122
121 122 123 92
122 252 253 123
120 117 121 124
251 120 124 254
124 121 92 95
254 124 95 235
92 125 127 126
126 127 129 128
125 130 131 127
127 131 132 129
93 92 126 133
233 93 133 255
133 126 128 134
255 133 134 256
123 135 125 92
123 253 257 135
135 136 130 125
257 258 136 135
128 129 138 137
137 138 259 238
129 132 139 138
138 139 260 259
134 128 137 140
256 134 140 261
140 137 238 97
261 140 97 239
241 262 141 102
102 141 142 103
262 263 264 141
141 264 265 142
103 142 143 109
109 143 144 110
142 265 266 143
143 266 267 144
110 144 145 114
114 145 268 247
144 267 146 145
145 146 269 268
130 147 148 131
131 148 149 132
147 270 271 148
148 271 272 149
136 150 147 130
258 273 150 136
150 151 270 147
274 151 150 273
132 149 152 139
139 152 275 260
149 272 276 152
152 276 277 275
146 267 278 153
269 146 153 279
153 278 280 154
279 153 154 281
154 280 282 155
281 154 155 283
155 282 270 151
283 155 151 274
