0.0 1.00000003 0.9830805132128037 0.0
0.0 0.9830805132128037 0.9900395021699029 0.0
1.00000003 2.00000006 1.9759531241182053 0.9830805132128037
0.9830805132128037 1.9759531241182053 2.00000006 0.9900395021699029
0.0 0.9900395021699029 0.9731888664049084 0.0
0.0 0.9731888664049084 0.9800789743447855 0.0
0.9900395021699029 2.00000006 1.975953118787184 0.9731888664049084
0.9731888664049084 1.975953118787184 2.00000006 0.9800789743447855
0.0 0.9800789743447855 1.2987492282906283 0.6464465856552124
0.6464465856552124 1.2987492282906283 1.6174194822364714 1.2928931713104248
0.9800789743447855 2.00000006 2.00000003 1.2987492282906283
1.2987492282906283 2.00000003 2.0 1.6174194822364714
0.0 0.6464465856552124 0.5381844152812816 0.0
0.6464465856552124 1.2928931713104248 1.0763688305625632 0.5381844152812816
0.0 0.5381844152812816 0.5 0.0
0.5381844152812816 1.0763688305625632 1.0 0.5
0.0 0.5 0.5381843900345996 0.0
0.5 1.0 1.076368780069199 0.5381843900345996
0.0 0.5381843900345996 0.646446704864502 0.0
0.5381843900345996 1.076368780069199 1.292893409729004 0.646446704864502
0.0 0.9800788745029752 0.9731887911056164 0.0
0.0 0.9731887911056164 0.9900394516588333 0.0
0.9800788745029752 2.00000006 1.9759531169859432 0.9731887911056164
0.9731887911056164 1.9759531169859432 2.00000006 0.9900394516588333
0.646446704864502 1.2987491629385868 0.9800788745029752 0.0
0.646446704864502 1.292893409729004 1.6174194513741984 1.2987491629385868
1.2987491629385868 2.00000003 2.00000006 0.9800788745029752
1.6174194513741984 2.0 2.00000003 1.2987491629385868
0.0 0.9900394516588333 0.9830804855690423 0.0
0.0 0.9830804855690423 1.0000000300000007 0.0
0.9900394516588333 2.00000006 1.9759531184400156 0.9830804855690423
0.9830804855690423 1.9759531184400156 2.0000000600000014 1.0000000300000007
2.00000006 3.0000000895000007 2.968776599932337 1.9759531241182053
1.9759531241182053 2.968776599932337 3.009960667874726 2.00000006
3.0000000895000007 4.000000119 3.9519062472484343 2.968776599932337
2.968776599932337 3.9519062472484343 4.000000119 3.009960667874726
2.00000006 3.009960667874726 2.9787628239359942 1.975953118787184
1.975953118787184 2.9787628239359942 3.019921246244473 2.00000006
3.009960667874726 4.000000119 3.951906236586391 2.9787628239359942
2.9787628239359942 3.951906236586391 4.000000119 3.019921246244473
2.00000006 3.019921246244473 2.7012508975185394 2.00000003
2.00000003 2.7012508975185394 2.382580548792606 2.0
3.019921246244473 4.000000119 3.3535533546354976 2.7012508975185394
2.7012508975185394 3.3535533546354976 2.707106590270996 2.382580548792606
2.00000006 3.0199212277918224 2.978764956427281 1.9759531169859432
1.9759531169859432 2.978764956427281 3.0099606592385646 2.00000006
3.0199212277918224 4.000000119 3.9519062329839105 2.978764956427281
2.978764956427281 3.9519062329839105 4.000000119 3.0099606592385646
2.00000003 2.7012509350672516 3.0199212277918224 2.00000006
2.0 2.3825806423426794 2.7012509350672516 2.00000003
2.7012509350672516 3.3535534738447876 4.000000119 3.0199212277918224
2.707106828689575 3.3535534738447876 2.7012509350672516 2.3825806423426794
2.00000006 3.0099606592385646 2.968776587166867 1.9759531184400156
1.9759531184400156 2.968776587166867 3.000000089500001 2.0000000600000014
3.0099606592385646 4.000000119 3.951906235892055 2.968776587166867
2.968776587166867 3.951906235892055 4.000000119000001 3.000000089500001
4.000000119 5.0000000445 5.308709763330921 4.6464467643645015
4.6464467643645015 5.308709763330921 5.61741948216184 5.292893409729004
5.0000000445 5.99999997 5.9999999850000005 5.308709763330921
5.308709763330921 5.9999999850000005 6.0 5.61741948216184
4.000000119 4.6464467643645015 4.514137522438399 3.9519062472484343
4.6464467643645015 5.292893409729004 5.076368797628362 4.514137522438399
3.9519062472484343 4.514137522438399 4.5000000595 4.000000119
4.514137522438399 5.076368797628362 5.0 4.5000000595
4.000000119 4.5000000595 4.514137508327785 3.951906236586391
4.5000000595 5.0 5.07636878006918 4.514137508327785
3.951906236586391 4.514137508327785 4.6464467643645015 4.000000119
4.514137508327785 5.07636878006918 5.292893409729004 4.6464467643645015
4.000000119 4.970972790884158 5.294196121003642 4.646446764364502
4.646446764364502 5.294196121003642 5.617419451123126 5.292893409729004
4.970972790884158 5.99999997 5.9999999850000005 5.294196121003642
5.294196121003642 5.9999999850000005 6.0 5.617419451123126
4.000000119 4.646446764364502 4.538184445980679 4.000000114106207
4.646446764364502 5.292893409729004 5.07636877785515 4.538184445980679
4.000000114106207 4.538184445980679 4.5000000595 4.000000119
4.538184445980679 5.07636877785515 5.0 4.5000000595
3.3535533546354976 4.000000119 4.000000114106207 3.4618156664567787
2.707106590270996 3.3535533546354976 3.4618156664567787 2.9236312188073503
3.4618156664567787 4.000000114106207 4.000000119 3.5000000595
2.9236312188073503 3.4618156664567787 3.5000000595 3.0
4.6464467643645015 5.2941961211291755 4.970972790884158 4.000000119
4.6464467643645015 5.292893409729004 5.617419451374196 5.2941961211291755
5.2941961211291755 5.9999999850000005 5.99999997 4.970972790884158
5.617419451374196 6.0 5.9999999850000005 5.2941961211291755
4.000000119 4.5000000595 4.538184425681715 4.000000071294249
4.5000000595 5.0 5.076368780069181 4.538184425681715
4.000000071294249 4.538184425681715 4.6464467643645015 4.000000119
4.538184425681715 5.076368780069181 5.292893409729004 4.6464467643645015
3.5000000595 4.000000119 4.000000071294249 3.461815657497878
3.0 3.5000000595 3.461815657497878 2.9236312437015073
3.461815657497878 4.000000071294249 4.000000119 3.3535534738447876
2.9236312437015073 3.461815657497878 3.3535534738447876 2.707106828689575
4.000000119 4.97097279088416 5.294196121003643 4.6464467643645015
4.6464467643645015 5.294196121003643 5.617419451123126 5.292893409729004
4.97097279088416 5.99999997 5.9999999850000005 5.294196121003643
5.294196121003643 5.9999999850000005 6.0 5.617419451123126
4.000000119 4.6464467643645015 4.51413750541953 3.9519062329839105
4.6464467643645015 5.292893409729004 5.07636877785515 4.51413750541953
3.9519062329839105 4.51413750541953 4.5000000595 4.000000119
4.51413750541953 5.07636877785515 5.0 4.5000000595
4.6464467643645015 5.294196121129177 4.97097279088416 4.000000119
4.6464467643645015 5.292893409729004 5.617419451374195 5.294196121129177
5.294196121129177 5.9999999850000005 5.99999997 4.97097279088416
5.617419451374195 6.0 5.9999999850000005 5.294196121129177
4.000000119 4.5000000595 4.514137507980617 3.951906235892055
4.5000000595 5.0 5.07636878006918 4.514137507980617
3.951906235892055 4.514137507980617 4.646446764364502 4.000000119000001
4.514137507980617 5.07636878006918 5.292893409729004 4.646446764364502
4.646446764364502 5.3087097479370975 5.0000000445 4.000000119000001
4.646446764364502 5.292893409729004 5.617419451374195 5.3087097479370975
5.3087097479370975 5.9999999850000005 5.99999997 5.0000000445
5.617419451374195 6.0 5.9999999850000005 5.3087097479370975
5.99999997 7.000000015 6.6912902508576 5.9999999850000005
5.9999999850000005 6.6912902508576 6.382580486715199 6.0
7.000000015 8.000000060000001 7.353553325135499 6.6912902508576
6.6912902508576 7.353553325135499 6.707106590270996 6.382580486715199
5.99999997 7.029027237872764 6.705803893332686 5.9999999850000005
5.9999999850000005 6.705803893332686 6.382580548792607 6.0
7.029027237872764 8.00000006 7.353553325135498 6.705803893332686
6.705803893332686 7.353553325135498 6.707106590270996 6.382580548792607
5.9999999850000005 6.7058038625483425 7.029027237872764 5.99999997
6.0 6.38258048722392 6.7058038625483425 5.9999999850000005
6.7058038625483425 7.353553325135498 8.00000006 7.029027237872764
6.707106590270996 7.353553325135498 6.7058038625483425 6.38258048722392
5.99999997 7.029027268911467 6.705803908852037 5.9999999850000005
5.9999999850000005 6.705803908852037 6.382580548792607 6.0
7.029027268911467 8.00000006 7.353553325135498 6.705803908852037
6.705803908852037 7.353553325135498 6.707106590270996 6.382580548792607
5.9999999850000005 6.705803909106397 7.029027268911467 5.99999997
6.0 6.382580549301325 6.705803909106397 5.9999999850000005
6.705803909106397 7.353553325135498 8.00000006 7.029027268911467
6.707106590270996 7.353553325135498 6.705803909106397 6.382580549301325
5.9999999850000005 6.691290282150663 7.0000000149999995 5.99999997
6.0 6.382580549301325 6.691290282150663 5.9999999850000005
6.691290282150663 7.353553325135498 8.00000006 7.0000000149999995
6.707106590270996 7.353553325135498 6.691290282150663 6.382580549301325
8.000000060000001 9.000000045 9.031223521729068 8.048093914871455
8.048093914871455 9.031223521729068 8.99003946638005 8.00000006
9.000000045 10.00000003 10.02404695743573 9.031223521729068
9.031223521729068 10.02404695743573 10.00000003 8.99003946638005
7.353553325135499 8.000000060000001 8.048093914871455 7.48586254706618
6.707106590270996 7.353553325135499 7.48586254706618 6.923631179260907
7.48586254706618 8.048093914871455 8.00000006 7.50000003
6.923631179260907 7.48586254706618 7.50000003 7.0
8.00000006 8.99003946638005 9.021237288216955 8.048093913153664
8.048093913153664 9.021237288216955 8.98007888776508 8.00000006
8.99003946638005 10.00000003 10.024046956576832 9.021237288216955
9.021237288216955 10.024046956576832 10.00000003 8.98007888776508
7.50000003 8.00000006 8.048093913153664 7.485862545461644
7.0 7.50000003 7.485862545461644 6.923631177769627
7.485862545461644 8.048093913153664 8.00000006 7.353553325135498
6.923631177769627 7.485862545461644 7.353553325135498 6.707106590270996
8.00000006 8.98007888776508 9.298749169444104 8.646446734864503
8.646446734864503 9.298749169444104 9.617419451123126 9.292893409729004
8.98007888776508 10.00000003 10.000000015000001 9.298749169444104
9.298749169444104 10.000000015000001 10.0 9.617419451123126
8.00000006 8.646446734864503 8.538184417280162 8.000000056705177
8.646446734864503 9.292893409729004 9.076368777855148 8.538184417280162
8.000000056705177 8.538184417280162 8.500000029999999 8.00000006
8.538184417280162 9.076368777855148 9.0 8.500000029999999
7.353553325135498 8.00000006 8.000000056705177 7.461815637756263
6.707106590270996 7.353553325135498 7.461815637756263 6.92363121880735
7.461815637756263 8.000000056705177 8.00000006 7.50000003
6.92363121880735 7.461815637756263 7.50000003 7.0
8.00000006 8.500000029999999 8.538184418567857 8.000000057066542
8.500000029999999 9.0 9.076368780069181 8.538184418567857
8.000000057066542 8.538184418567857 8.6464467348645 8.00000006
8.538184418567857 9.076368780069181 9.292893409729004 8.6464467348645
7.50000003 8.00000006 8.000000057066542 7.461815637191293
7.0 7.50000003 7.461815637191293 6.9236312173160455
7.461815637191293 8.000000057066542 8.00000006 7.353553325135498
6.9236312173160455 7.461815637191293 7.353553325135498 6.707106590270996
8.00000006 8.98007888935796 9.02123516213992 8.048093942006002
8.048093942006002 9.02123516213992 8.990039466586328 8.00000006
8.98007888935796 10.00000003 10.024046971003004 9.02123516213992
9.02123516213992 10.024046971003004 10.00000003 8.990039466586328
7.353553325135498 8.00000006 8.048093942006002 7.4858625804066765
6.707106590270996 7.353553325135498 7.4858625804066765 6.92363121880735
7.4858625804066765 8.048093942006002 8.00000006 7.50000003
6.92363121880735 7.4858625804066765 7.50000003 7.0
8.6464467348645 9.298749170366078 8.98007888935796 8.00000006
8.6464467348645 9.292893409729004 9.617419451374197 9.298749170366078
9.298749170366078 10.000000015000001 10.00000003 8.98007888935796
9.617419451374197 10.0 10.000000015000001 9.298749170366078
8.00000006 8.990039466586328 9.031223540466218 8.048093939593858
8.048093939593858 9.031223540466218 9.000000045 8.00000006
8.990039466586328 10.00000003 10.024046969796931 9.031223540466218
9.031223540466218 10.024046969796931 10.00000003 9.000000045
7.50000003 8.00000006 8.048093939593858 7.485862578454952
7.0 7.50000003 7.485862578454952 6.923631217316046
7.485862578454952 8.048093939593858 8.00000006 7.353553325135498
6.923631217316046 7.485862578454952 7.353553325135498 6.707106590270996
10.00000003 11.000000015 11.016918833112358 10.02404695743573
10.02404695743573 11.016918833112358 11.009960593518528 10.00000003
11.000000015 12.0 12.0 11.016918833112358
11.016918833112358 12.0 12.0 11.009960593518528
10.00000003 11.009960593518528 11.02681124660958 10.024046956576832
10.024046956576832 11.02681124660958 11.01992117203208 10.00000003
11.009960593518528 12.0 12.0 11.02681124660958
11.02681124660958 12.0 12.0 11.01992117203208
10.00000003 11.01992117203208 10.70125086041234 10.000000015000001
10.000000015000001 10.70125086041234 10.382580548792605 10.0
11.01992117203208 12.0 11.353553295135498 10.70125086041234
10.70125086041234 11.353553295135498 10.707106590270996 10.382580548792605
10.00000003 11.019921170960634 11.026811253237906 10.024046971003004
10.024046971003004 11.026811253237906 11.00996059357297 10.00000003
11.019921170960634 12.0 12.0 11.026811253237906
11.026811253237906 12.0 12.0 11.00996059357297
10.000000015000001 10.70125086013098 11.019921170960634 10.00000003
10.0 10.382580549301325 10.70125086013098 10.000000015000001
10.70125086013098 11.353553295135498 12.0 11.019921170960634
10.707106590270996 11.353553295135498 10.70125086013098 10.382580549301325
10.00000003 11.00996059357297 11.016918839267015 10.024046969796931
10.024046969796931 11.016918839267015 11.000000015 10.00000003
11.00996059357297 12.0 12.0 11.016918839267015
11.016918839267015 12.0 12.0 11.000000015
11.353553295135498 12.0 12.0 11.461815609403676
10.707106590270996 11.353553295135498 11.461815609403676 10.923631218807351
11.461815609403676 12.0 12.0 11.5
10.923631218807351 11.461815609403676 11.5 11.0
11.5 12.0 12.0 11.461815608658021
11.0 11.5 11.461815608658021 10.923631217316046
11.461815608658021 12.0 12.0 11.353553295135498
10.923631217316046 11.461815608658021 11.353553295135498 10.707106590270996
