0.0 0.0 0.9830812441002155 1.0000000300000007
1.0000000300000007 0.9830812441002155 1.9759531935342431 2.0000000600000014
0.0 0.0 0.9900394555216017 0.9830812441002155
0.9830812441002155 0.9900394555216017 2.00000006 1.9759531935342431
2.0000000600000014 1.9759531935342431 2.9687767045659146 3.000000089500001
3.000000089500001 2.9687767045659146 3.951906386080509 4.000000119000001
1.9759531935342431 2.00000006 3.00996066786581 2.9687767045659146
2.9687767045659146 3.00996066786581 4.000000119 3.951906386080509
4.000000119000001 3.951906386080509 4.514137576329528 4.646446525945923
4.646446525945923 4.514137576329528 5.076368766578547 5.292892932891846
3.951906386080509 4.000000119 4.5000000595 4.514137576329528
4.514137576329528 4.5000000595 5.0 5.076368766578547
4.000000119000001 4.646446525945923 5.30870970790546 5.0000000895
4.646446525945923 5.292892932891846 5.617419326310917 5.30870970790546
5.0000000895 5.30870970790546 6.000000030000001 6.0000000600000005
5.30870970790546 5.617419326310917 6.0 6.000000030000001
6.0000000600000005 6.000000030000001 6.691290348883308 7.000000149
6.000000030000001 6.0 6.382580548766613 6.691290348883308
7.000000149 6.691290348883308 7.353553414135498 8.000000238
6.691290348883308 6.382580548766613 6.707106590270996 7.353553414135498
8.000000238 8.048094117445062 9.031223614731722 9.000000119
9.000000119 9.031223614731722 10.024046941153324 10.0
8.048094117445062 8.000000238 8.990039539888087 9.031223614731722
9.031223614731722 8.990039539888087 10.0 10.024046941153324
7.353553414135498 7.48586266851796 8.048094117445062 8.000000238
7.353553414135498 6.707106590270996 6.9236312195908525 7.48586266851796
7.48586266851796 7.500000119 8.000000238 8.048094117445062
6.9236312195908525 7.0 7.500000119 7.48586266851796
10.0 10.024046941153324 11.016918824910956 11.0
11.0 11.016918824910956 12.0 12.0
10.024046941153324 10.0 11.00996057850961 11.016918824910956
11.016918824910956 11.00996057850961 12.0 12.0
0.0 0.0 0.97318879713659 0.9900394555216017
0.9900394555216017 0.97318879713659 1.9759531187656572 2.00000006
0.0 0.0 0.9800788810481831 0.97318879713659
0.97318879713659 0.9800788810481831 2.00000006 1.9759531187656572
2.00000006 1.9759531187656572 2.9787649725357705 3.00996066786581
3.00996066786581 2.9787649725357705 3.9519062365433375 4.000000119
1.9759531187656572 2.00000006 3.019921246226639 2.9787649725357705
2.9787649725357705 3.019921246226639 4.000000119 3.9519062365433375
4.000000119 3.9519062365433375 4.51413750827489 4.5000000595
4.5000000595 4.51413750827489 5.076368780006446 5.0
3.9519062365433375 4.000000119 4.6464467643645015 4.51413750827489
4.51413750827489 4.6464467643645015 5.292893409729004 5.076368780006446
8.000000238 8.0480940921241 9.021237362936397 8.990039539888087
8.990039539888087 9.021237362936397 10.024046928492844 10.0
8.0480940921241 8.000000238 8.980078960781164 9.021237362936397
9.021237362936397 8.980078960781164 10.0 10.024046928492844
7.500000119 7.4858626368996894 8.0480940921241 8.000000238
7.0 6.923631181675279 7.4858626368996894 7.500000119
7.4858626368996894 7.353553414135498 8.000000238 8.0480940921241
6.707106590270996 7.353553414135498 7.4858626368996894 6.923631181675279
10.0 10.024046928492844 11.026811232544784 11.00996057850961
11.00996057850961 11.026811232544784 12.0 12.0
10.024046928492844 10.0 11.019921157014242 11.026811232544784
11.026811232544784 11.019921157014242 12.0 12.0
0.0 0.0 0.5381843833051405 0.6464466452598574
0.6464466452598574 0.5381843833051405 1.0763687666102808 1.2928932905197144
0.0 0.0 0.5 0.5381843833051405
0.5381843833051405 0.5 1.0 1.0763687666102808
0.0 0.6464466452598574 1.2987491424219015 0.9800788810481831
0.6464466452598574 1.2928932905197144 1.6174194037956207 1.2987491424219015
0.9800788810481831 1.2987491424219015 2.00000003 2.00000006
1.2987491424219015 1.6174194037956207 2.0 2.00000003
2.00000006 2.00000003 2.70125089749663 3.019921246226639
2.00000003 2.0 2.3825805487666205 2.70125089749663
3.019921246226639 2.70125089749663 3.3535533546354976 4.000000119
2.70125089749663 2.3825805487666205 2.707106590270996 3.3535533546354976
4.000000119 4.00000011547189 4.538184447637447 4.646446764364502
4.646446764364502 4.538184447637447 5.076368779803006 5.292893409729004
4.00000011547189 4.000000119 4.5000000595 4.538184447637447
4.538184447637447 4.5000000595 5.0 5.076368779803006
4.000000119 4.646446764364502 5.294196142979656 4.970972835643016
4.646446764364502 5.292893409729004 5.617419450316297 5.294196142979656
4.970972835643016 5.294196142979656 6.00000003 6.00000006
5.294196142979656 5.617419450316297 6.0 6.00000003
4.6464467643645015 4.000000119 4.970972835643016 5.2941961436708755
5.292893409729004 4.6464467643645015 5.2941961436708755 5.617419451698736
5.2941961436708755 4.970972835643016 6.00000006 6.00000003
5.617419451698736 5.2941961436708755 6.00000003 6.0
3.3535533546354976 3.4618156675313747 4.00000011547189 4.000000119
3.3535533546354976 2.707106590270996 2.923631219590861 3.4618156675313747
3.4618156675313747 3.5000000595 4.000000119 4.00000011547189
2.923631219590861 3.0 3.5000000595 3.4618156675313747
6.00000006 6.00000003 6.705803959908751 7.02902737105088
6.00000003 6.0 6.3825805487666205 6.705803959908751
7.02902737105088 6.705803959908751 7.353553414135498 8.000000238
6.705803959908751 6.3825805487666205 6.707106590270996 7.353553414135498
6.00000003 6.00000006 7.02902737105088 6.705803928328509
6.0 6.00000003 6.705803928328509 6.3825804856061366
6.705803928328509 7.02902737105088 8.000000238 7.353553414135498
6.3825804856061366 6.705803928328509 7.353553414135498 6.707106590270996
8.000000238 8.000000231246844 8.538184505524923 8.646446823864503
8.646446823864503 8.538184505524923 9.076368779803005 9.292893409729004
8.000000231246844 8.000000238 8.500000119 8.538184505524923
8.538184505524923 8.500000119 9.0 9.076368779803005
8.000000238 8.646446823864503 9.29874920554873 8.980078960781164
8.646446823864503 9.292893409729004 9.617419450316298 9.29874920554873
8.980078960781164 9.29874920554873 10.0 10.0
9.29874920554873 9.617419450316298 10.0 10.0
7.353553414135498 7.461815725418851 8.000000231246844 8.000000238
7.353553414135498 6.707106590270996 6.9236312195908605 7.461815725418851
7.461815725418851 7.500000119 8.000000238 8.000000231246844
6.9236312195908605 7.0 7.500000119 7.461815725418851
10.0 10.0 10.701250852890434 11.019921157014242
10.0 10.0 10.38258054876662 10.701250852890434
11.019921157014242 10.701250852890434 11.353553295135498 12.0
10.701250852890434 10.38258054876662 10.707106590270996 11.353553295135498
11.353553295135498 11.46181560979543 12.0 12.0
11.353553295135498 10.707106590270996 10.92363121959086 11.46181560979543
11.46181560979543 11.5 12.0 12.0
10.92363121959086 11.0 11.5 11.46181560979543
0.0 0.0 0.5381843768104919 0.5
0.5 0.5381843768104919 1.0763687536209838 1.0
0.0 0.0 0.6464465856552124 0.5381843768104919
0.5381843768104919 0.6464465856552124 1.2928931713104248 1.0763687536209838
4.000000119 4.00000007321572 4.538184426611083 4.5000000595
4.5000000595 4.538184426611083 5.076368780006446 5.0
4.00000007321572 4.000000119 4.6464467643645015 4.538184426611083
4.538184426611083 4.6464467643645015 5.292893409729004 5.076368780006446
3.5000000595 3.4618156604114496 4.00000007321572 4.000000119
3.0 2.92363124760718 3.4618156604114496 3.5000000595
3.4618156604114496 3.3535534738447876 4.000000119 4.00000007321572
2.707106828689575 3.3535534738447876 3.4618156604114496 2.92363124760718
8.000000238 8.000000232163991 8.53818450608522 8.500000119
8.500000119 8.53818450608522 9.076368780006446 9.0
8.000000232163991 8.000000238 8.646446823864501 8.53818450608522
8.53818450608522 8.646446823864501 9.292893409729004 9.076368780006446
7.500000119 7.4618157266928495 8.000000232163991 8.000000238
7.0 6.92363122122171 7.4618157266928495 7.500000119
7.4618157266928495 7.353553414135498 8.000000238 8.000000232163991
6.707106590270996 7.353553414135498 7.4618157266928495 6.92363122122171
11.5 11.461815610610856 12.0 12.0
11.0 10.92363122122171 11.461815610610856 11.5
11.461815610610856 11.353553295135498 12.0 12.0
10.707106590270996 11.353553295135498 11.461815610610856 10.92363122122171
0.0 0.0 0.9731888045280885 0.9800788913986134
0.9800788913986134 0.9731888045280885 1.9759531181736358 2.00000006
0.0 0.0 0.9900394606993066 0.9731888045280885
0.9731888045280885 0.9900394606993066 2.00000006 1.9759531181736358
0.6464465856552124 0.0 0.9800788913986134 1.2987491250279994
1.2928931713104248 0.6464465856552124 1.2987491250279994 1.6174193586573864
1.2987491250279994 0.9800788913986134 2.00000006 2.00000003
1.6174193586573864 1.2987491250279994 2.00000003 2.0
2.00000006 1.9759531181736358 2.97876495761869 3.019921227389854
3.019921227389854 2.97876495761869 3.9519062353592953 4.000000119
1.9759531181736358 2.00000006 3.0099606584449274 2.97876495761869
2.97876495761869 3.0099606584449274 4.000000119 3.9519062353592953
2.00000003 2.00000006 3.019921227389854 2.70125093405738
2.0 2.00000003 2.70125093405738 2.3825806407249046
2.70125093405738 3.019921227389854 4.000000119 3.3535534738447876
2.3825806407249046 2.70125093405738 3.3535534738447876 2.707106828689575
4.000000119 3.9519062353592953 4.51413750758115 4.6464467643645015
4.6464467643645015 4.51413750758115 5.076368779803006 5.292893409729004
3.9519062353592953 4.000000119 4.5000000595 4.51413750758115
4.51413750758115 4.5000000595 5.0 5.076368779803006
4.000000119 4.6464467643645015 5.294196142979656 4.970972835643016
4.6464467643645015 5.292893409729004 5.617419450316297 5.294196142979656
4.970972835643016 5.294196142979656 6.00000003 6.00000006
5.294196142979656 5.617419450316297 6.0 6.00000003
4.6464467643645015 4.000000119 4.970972835643016 5.294196143670877
5.292893409729004 4.6464467643645015 5.294196143670877 5.617419451698737
5.294196143670877 4.970972835643016 6.00000006 6.00000003
5.617419451698737 5.294196143670877 6.00000003 6.0
6.00000006 6.00000003 6.705803975428102 7.029027402089584
6.00000003 6.0 6.3825805487666205 6.705803975428102
7.029027402089584 6.705803975428102 7.353553414135497 8.000000238
6.705803975428102 6.3825805487666205 6.707106590270996 7.353553414135497
6.00000003 6.00000006 7.029027402089584 6.705803974886564
6.0 6.00000003 6.705803974886564 6.382580547683545
6.705803974886564 7.029027402089584 8.000000238 7.353553414135498
6.382580547683545 6.705803974886564 7.353553414135498 6.707106590270996
8.000000238 8.048094117795154 9.021237383458349 8.980078962442198
8.980078962442198 9.021237383458349 10.024046941328368 10.0
8.048094117795154 8.000000238 8.990039540721096 9.021237383458349
9.021237383458349 8.990039540721096 10.0 10.024046941328368
8.646446823864501 8.000000238 8.980078962442198 9.298749207070463
9.292893409729004 8.646446823864501 9.298749207070463 9.617419451698735
9.298749207070463 8.980078962442198 10.0 10.0
9.617419451698735 9.298749207070463 10.0 10.0
7.353553414135497 7.485862668693008 8.048094117795154 8.000000238
7.353553414135497 6.707106590270996 6.9236312195908605 7.485862668693008
7.485862668693008 7.500000119 8.000000238 8.048094117795154
6.9236312195908605 7.0 7.500000119 7.485862668693008
10.0 10.024046941328368 11.026811237808761 11.01992115555866
11.01992115555866 11.026811237808761 12.0 12.0
10.024046941328368 10.0 11.00996057777933 11.026811237808761
11.026811237808761 11.00996057777933 12.0 12.0
10.0 10.0 11.01992115555866 10.701250851621102
10.0 10.0 10.701250851621102 10.382580547683544
10.701250851621102 11.01992115555866 12.0 11.353553295135498
10.382580547683544 10.701250851621102 11.353553295135498 10.707106590270996
0.0 0.0 0.9830804900026721 0.9900394606993066
0.9900394606993066 0.9830804900026721 1.9759531184184889 2.00000006
0.0 0.0 1.00000003 0.9830804900026721
0.9830804900026721 1.00000003 2.00000006 1.9759531184184889
2.00000006 1.9759531184184889 2.968776586747172 3.0099606584449274
3.0099606584449274 2.968776586747172 3.9519062358490005 4.000000119
1.9759531184184889 2.00000006 3.0000000895000007 2.968776586747172
2.968776586747172 3.0000000895000007 4.000000119 3.9519062358490005
4.000000119 3.9519062358490005 4.514137507927723 4.5000000595
4.5000000595 4.514137507927723 5.076368780006446 5.0
3.9519062358490005 4.000000119 4.6464467643645015 4.514137507927723
4.514137507927723 4.6464467643645015 5.292893409729004 5.076368780006446
8.000000238 8.048094118564306 9.031223615982876 8.990039540721096
8.990039540721096 9.031223615982876 10.024046941712944 10.0
8.048094118564306 8.000000238 9.000000119 9.031223615982876
9.031223615982876 9.000000119 10.0 10.024046941712944
7.500000119 7.485862669893008 8.048094118564306 8.000000238
7.0 6.92363122122171 7.485862669893008 7.500000119
7.485862669893008 7.353553414135498 8.000000238 8.048094118564306
6.707106590270996 7.353553414135498 7.485862669893008 6.92363122122171
10.0 10.024046941712944 11.01691954422858 11.00996057777933
11.00996057777933 11.01691954422858 12.0 12.0
10.024046941712944 10.0 11.0 11.01691954422858
11.01691954422858 11.0 12.0 12.0
4.6464467643645015 4.000000119 5.000000089499999 5.308709770599369
5.292893409729004 4.6464467643645015 5.308709770599369 5.617419451698737
5.308709770599369 5.000000089499999 6.00000006 6.00000003
5.617419451698737 5.308709770599369 6.00000003 6.0
6.00000003 6.00000006 7.000000149 6.6912903483417745
6.0 6.00000003 6.6912903483417745 6.3825805476835455
6.6912903483417745 7.000000149 8.000000238 7.353553414135498
6.3825805476835455 6.6912903483417745 7.353553414135498 6.707106590270996
