0.9915402716064019 0.49154062205010773
0.4915402566064018 0.9915406370501081
0.9865600076913532 1.4795172188172292
0.49501975108495144 1.9879766267671224
1.9879765920591028 0.49501972776080083
1.4795168186655046 0.9865603498109086
1.9879765920591028 1.4950197577608009
1.4950197810849515 1.9879766267671215
0.9816141842874057 2.4723649490500788
0.4865944332024542 2.9843883970329577
0.976633920374847 3.460341545323212
0.49003948717239276 3.975953252540255
1.987976589393592 2.504980363932905
1.4745709925960462 2.9893686862158626
1.987976589393592 3.504980393432905
1.4900395171723928 3.9759532525402546
1.139414101317707 4.2330219812050185
0.9725979069729204 4.580292051137725
0.3232232928276062 4.323223322472963
1.4580843552635498 4.795253171454037
0.9696698784828186 4.969669729418884
2.000000045 4.250000089249999
1.649374629145314 4.507068817914764
2.000000015 4.75000002975
0.592315500468247 4.977578116925692
0.2690922076406408 5.15435489870273
0.8072766229219224 5.463064517108188
0.5190922076406408 5.65435486895273
0.25 6.000000045
0.75 6.000000015
0.5190921950172998 6.345645189441655
0.2690921950172998 6.845645248941654
0.8072765850518993 6.536935448824961
0.5923155474495507 7.022421881509404
0.323223352432251 7.67677682606775
0.9696700572967529 7.030330002203247
0.4900394372514876 8.024047177722531
0.9766338328042958 8.539658866088391
0.4865943955528082 9.01561186686586
0.9816141213822249 9.527635277942522
0.49501972582941667 10.012023470576661
1.4900394672514876 8.024047177722531
1.9879765884929717 8.495019888944043
1.4745709540457799 9.010631577309905
1.9879765884929717 9.495019769944044
1.4950197558294167 10.012023470576661
0.9725979339015444 7.419708041326729
1.1394140187207809 7.766978392981511
1.4580843071563927 7.204746944054406
1.6493745964692934 7.49293139375898
2.000000045 7.750000178500001
2.000000015 7.2500000595
0.9865599686139378 10.520482883032141
0.49154024278452113 11.008459412455478
0.9915402577845215 11.508459412455478
1.9879765892200079 10.504980289254805
1.4795168020045288 11.013439701710283
1.9879765892200085 11.504980289254805
2.9843883447161685 0.486594398568295
2.472364862025271 0.9816141263290958
2.9893686339035312 1.4745709579511237
2.504980363937363 1.9879765893828285
3.975953183124217 0.49003944052409154
3.4603414235903855 0.9766338390923865
3.975953183124217 1.4900394705240916
3.5049803934373633 1.9879765893828285
2.99436174590536 2.4773590456507137
2.477357971361589 2.9943628202007906
2.9993420350902333 3.465335604539554
2.5099606531222367 3.975953177771669
3.975953177793196 2.5099606531133194
3.4653345302611926 2.999343109381205
3.975953177793196 3.5099606826133196
3.5099606826222365 3.975953177771669
2.860586071881506 4.233021872409114
2.3506254637592696 4.507068783887444
2.5419157231555727 4.795253144140668
3.676776736817749 4.32322344168225
3.0274021260770185 4.580292136319695
3.030329972453247 4.969670087046753
2.5099606438959112 8.02404716506205
2.9993430921095516 8.534665727530248
2.477359036706612 9.005638451412242
2.994362807832923 9.52264214571462
2.5049803596192826 10.012023464246422
3.509960673395911 8.02404716506205
3.9759531759919553 8.490039599390581
3.4653355947055955 9.00065816185878
3.9759531759919553 9.490039480390582
3.5049803891192823 10.012023464246422
2.3506254825336255 7.492931377949844
2.860586081429537 7.766978364511894
2.5419157887049657 7.2047469092874845
3.0274022044560196 7.419708025517593
3.676776796422394 7.67677682606775
3.030330151267181 7.030330002203247
2.989368623202716 10.525429080518814
2.4723648528034414 11.018385905527197
2.984388338333434 11.513405616272392
3.9759531774460273 10.50996057850712
3.460341411529461 11.023366194779513
3.975953177446028 11.50996057850712
5.15435490391546 0.26909219165257026
4.977578263847711 0.592315514282499
4.32322344168225 0.3232233226299287
5.46306462274638 0.8072765749577107
4.969670087046753 0.9696699678897859
5.9999999775 0.25
5.654354874165461 0.5190921916525703
5.9999999925 0.75
4.580292143401451 0.9725978938408795
4.233021884843417 1.1394140117350422
4.795253160033381 1.458084273108761
4.5070687909692 1.6493745862109508
4.250000089249999 2.000000045
4.75000002975 2.000000015
4.507068783913892 2.350625463748315
4.233021872457088 2.8605860718616345
4.795253144198483 2.541915723131625
4.580292136346143 3.0274021260660637
4.32322344168225 3.676776736817749
4.969670087046753 3.030329972453247
4.4854864549420785 4.000000117235945
5.1325844559439 4.269092281554668
4.970321442684073 4.592315606000975
4.323223441682251 4.323223441682251
5.455807786063384 4.8072766137202265
4.969670087046753 4.969670087046753
5.4854863804420795 4.000000117235945
5.9999999775 4.250000089249999
5.647098053001821 4.519092253568724
5.9999999925 4.75000002975
4.59231560517259 4.97032145367208
4.269092280043443 5.132584489311336
4.000000116553103 4.485486477321508
4.807276611917914 5.455807796647976
4.519092252740339 5.647098086489828
4.250000089249999 6.000000045
4.000000116553103 5.485486447821508
4.75000002975 6.0000000149999995
3.730907890281493 5.132584489656946
3.4076845105461384 4.9703214540176885
3.1927234426320643 5.455807797684805
3.7500000892500003 6.000000045
3.4809078629783894 5.647098086835438
3.25000002975 6.0000000149999995
4.9703214427468385 3.407684511083436
5.132584456006667 3.7309078915016323
5.455807786251686 3.1927234435611176
5.647098053064588 3.4809078635156876
5.9999999775 3.7500000892500003
5.9999999925 3.25000002975
4.519092242590857 6.352901994954376
4.269092248487982 6.8674156654798155
4.000000095147124 6.51451371552544
4.807276602875448 6.544192254337686
4.592315595023108 7.029678687022125
4.32322344168225 7.67677682606775
4.000000095147124 7.51451380452544
4.969670087046753 7.030330002203247
3.7309078643960634 6.867415649689694
3.480907858498939 6.352901979164255
3.1927234505996926 6.544192206967322
3.4076845656713326 7.029678671232004
4.48548645494208 8.000000234623421
5.132584455943901 8.269092368385884
4.970321442684073 8.592315664694713
4.32322344168225 8.323223530932252
5.455807786063385 8.807276642663965
4.969670087046753 8.969670116796753
5.4854863804420795 8.000000234623421
5.9999999775 8.250000178499999
5.647098053001821 8.519092312262462
5.9999999925 8.7500000595
4.580292134892016 8.972598014706616
4.23302186920172 9.139414083164947
4.79525314163734 9.458084327932514
4.507068782459765 9.649374602774365
4.250000089249999 10.0
4.75000002975 10.0
4.970321442746839 7.4076845697771745
5.1325844560066685 7.730907978332848
5.455807786251686 7.192723472504856
5.647098053064589 7.4809079222094255
5.9999999775 7.750000178500001
5.9999999925 7.2500000595
4.5070687837403085 10.350625426445216
4.233021871936336 10.860586004952339
4.795253144024899 10.541915700828527
4.5802921361725595 11.027402074012965
4.323223441682252 11.676776647567749
4.969670087046753 11.030329942703247
4.9775782561507995 11.407684452465464
5.154354896218549 11.730907804897715
5.463064599655646 11.192723414693145
5.654354866468549 11.480907804897715
5.9999999775 11.75
5.9999999925 11.25
6.8456451329288 0.26909218840524596
6.3456451179288 0.519092188405246
6.536935368786399 0.8072765652157379
7.67677669256775 0.3232232928276062
7.022421787996549 0.5923154812328522
7.030329957703247 0.9696698784828186
6.514513603936383 4.0000000961078594
6.867415565602725 4.269092249913401
6.352901939166343 4.519092243055541
6.544192221062646 4.807276603308765
7.514513648936382 4.0000000961078594
7.676776692567749 4.32322344168225
7.029678609234091 4.592315595487792
7.0303299577032465 4.969670087046753
6.352901923774171 3.4809078599557246
6.867415550210554 3.7309078668135847
6.544192174886131 3.1927234540093146
7.02967859384192 3.4076845671281184
7.676776692567749 3.676776796422394
7.0303299577032465 3.030330151267181
6.514513619455734 8.000000235081995
6.867415588881752 8.269092369124605
6.352901946926019 8.51909231254261
6.544192228822322 8.807276643045832
7.514513664455733 8.000000235081995
7.676776692567749 8.32322353093225
7.029678616993767 8.59231566497486
7.0303299577032465 8.969670116796753
6.352901947053199 7.480907922846425
6.867415589008932 7.73090797942842
6.544192229203861 7.19272347395728
7.029678617120947 7.407684570414174
7.676776692567749 7.67677682606775
7.0303299577032465 7.030330002203247
6.345645133575331 11.480907805305428
6.845645148575331 11.730907805305428
6.536935415725994 11.192723415916284
7.0224218036430806 11.407684452873177
7.676776692567749 11.676776647567749
7.0303299577032465 11.030329942703247
9.015611783364534 0.48659440226404427
8.539658718300261 0.976633847963351
8.024046987435728 0.4900394456993067
9.010631494054559 1.4745709613508622
8.495019763190026 1.987976589086818
8.024046987435728 1.4900394756993067
10.012023493717866 0.4950197303496533
9.527635239582398 0.9816141326136976
10.012023493717866 1.4950197603496533
9.495019748190025 1.987976589086818
7.766978230968817 1.1394140082133064
7.419707936100839 0.9725978553416059
7.204746863163543 1.458084241842693
7.750000045 2.000000045
7.492931288533089 1.6493745775139996
7.2500000149999995 2.000000015
9.005638377298503 2.477359037896163
8.53466560068531 2.9993430925042723
8.024046986576831 2.509960643694927
9.000658087991017 3.465335596488993
8.49003947388254 3.9759531771796475
8.024046986576831 3.509960673194927
10.012023493288417 2.504980359222464
9.522642122396894 2.9943628080318088
10.012023493288417 3.5049803887224638
9.49003945888254 3.9759531771796475
7.766978229307654 2.8605860807236168
7.492931287730822 2.35062548202869
7.204746861615636 2.541915787391142
7.419707935298571 3.027402203951084
9.139414028604591 4.233021871470223
8.972597952154302 4.580292135972826
8.323223397432251 4.32322344168225
9.458084310283615 4.795253143692078
8.969670072296754 4.969670087046753
10.0000000225 4.250000089249999
9.649374592222053 4.507068783540575
10.0000000075 4.75000002975
8.592315576072332 4.970321453672079
8.26909223699267 5.132584489311336
8.000000058352589 4.485486477321508
8.807276597567654 5.455807796647976
8.51909222364008 5.647098086489828
8.250000045 6.000000045
8.000000058352589 5.485486447821508
8.750000015 6.0000000149999995
