0.9830805132128037 0.9830812441002155
0.9900395021699029 1.9759531935342431
1.9759531241182053 0.9900394555216017
2.00000006 2.00000006
0.9731888664049084 2.9687767045659146
0.9800789743447855 3.951906386080509
1.975953118787184 3.00996066786581
2.00000006 4.000000119
0.6464465856552124 4.646446525945923
1.2987492282906283 4.514137576329528
2.00000003 4.5000000595
0.5381844152812816 5.30870970790546
0.5 6.000000030000001
0.5381843900345996 6.691290348883308
0.646446704864502 7.353553414135498
0.9800788745029752 8.048094117445062
0.9731887911056164 9.031223614731722
0.9900394516588333 10.024046941153324
2.00000006 8.000000238
1.9759531169859432 8.990039539888087
2.00000006 10.0
1.2987491629385868 7.48586266851796
2.00000003 7.500000119
0.9830804855690423 11.016918824910956
1.9759531184400156 11.00996057850961
2.968776599932337 0.97318879713659
3.009960667874726 1.9759531187656572
3.9519062472484343 0.9800788810481831
4.000000119 2.00000006
2.9787628239359942 2.9787649725357705
3.019921246244473 3.9519062365433375
3.951906236586391 3.019921246226639
4.000000119 4.000000119
2.7012508975185394 4.51413750827489
3.3535533546354976 4.6464467643645015
3.0199212277918224 8.0480940921241
2.978764956427281 9.021237362936397
3.0099606592385646 10.024046928492844
4.000000119 8.000000238
3.9519062329839105 8.980078960781164
4.000000119 10.0
2.7012509350672516 7.4858626368996894
3.3535534738447876 7.353553414135498
2.968776587166867 11.026811232544784
3.951906235892055 11.019921157014242
4.6464467643645015 0.6464466452598574
5.308709763330921 0.5381843833051405
5.9999999850000005 0.5
4.514137522438399 1.2987491424219015
4.5000000595 2.00000003
4.514137508327785 2.70125089749663
4.6464467643645015 3.3535533546354976
4.970972790884158 4.00000011547189
4.646446764364502 4.646446764364502
5.294196121003642 4.538184447637447
5.99999997 4.000000119
5.9999999850000005 4.5000000595
4.000000114106207 4.970972835643016
4.538184445980679 5.294196142979656
4.000000119 6.00000006
4.5000000595 6.00000003
3.4618156664567787 5.2941961436708755
3.5000000595 6.00000003
5.2941961211291755 3.4618156675313747
5.9999999850000005 3.5000000595
4.000000071294249 7.02902737105088
4.538184425681715 6.705803959908751
4.6464467643645015 7.353553414135498
3.461815657497878 6.705803928328509
4.97097279088416 8.000000231246844
4.6464467643645015 8.646446823864503
5.294196121003643 8.538184505524923
5.99999997 8.000000238
5.9999999850000005 8.500000119
4.51413750541953 9.29874920554873
4.5000000595 10.0
5.294196121129177 7.461815725418851
5.9999999850000005 7.500000119
4.514137507980617 10.701250852890434
4.646446764364502 11.353553295135498
5.3087097479370975 11.46181560979543
5.9999999850000005 11.5
6.6912902508576 0.5381843768104919
7.353553325135499 0.6464465856552124
7.029027237872764 4.00000007321572
6.705803893332686 4.538184426611083
8.00000006 4.000000119
7.353553325135498 4.6464467643645015
6.7058038625483425 3.4618156604114496
7.353553325135498 3.3535534738447876
7.029027268911467 8.000000232163991
6.705803908852037 8.53818450608522
8.00000006 8.000000238
7.353553325135498 8.646446823864501
6.705803909106397 7.4618157266928495
7.353553325135498 7.353553414135498
6.691290282150663 11.461815610610856
7.353553325135498 11.353553295135498
8.048093914871455 0.9800788913986134
9.031223521729068 0.9731888045280885
8.00000006 2.00000006
8.99003946638005 1.9759531181736358
10.02404695743573 0.9900394606993066
10.00000003 2.00000006
7.48586254706618 1.2987491250279994
7.50000003 2.00000003
8.048093913153664 3.019921227389854
9.021237288216955 2.97876495761869
8.98007888776508 3.9519062353592953
10.024046956576832 3.0099606584449274
10.00000003 4.000000119
7.485862545461644 2.70125093405738
8.646446734864503 4.6464467643645015
9.298749169444104 4.51413750758115
10.000000015000001 4.5000000595
8.000000056705177 4.970972835643016
8.538184417280162 5.294196142979656
8.00000006 6.00000006
8.500000029999999 6.00000003
7.461815637756263 5.294196143670877
7.50000003 6.00000003
8.000000057066542 7.029027402089584
8.538184418567857 6.705803975428102
8.6464467348645 7.353553414135497
7.461815637191293 6.705803974886564
8.98007888935796 8.048094117795154
8.048093942006002 8.980078962442198
9.02123516213992 9.021237383458349
8.00000006 10.0
8.990039466586328 10.024046941328368
10.00000003 8.000000238
10.024046971003004 8.990039540721096
10.00000003 10.0
7.4858625804066765 9.298749207070463
7.50000003 10.0
9.298749170366078 7.485862668693008
10.000000015000001 7.500000119
8.048093939593858 11.01992115555866
9.031223540466218 11.026811237808761
10.024046969796931 11.00996057777933
7.485862578454952 10.701250851621102
11.016918833112358 0.9830804900026721
11.009960593518528 1.9759531184184889
11.02681124660958 2.968776586747172
11.01992117203208 3.9519062358490005
10.70125086041234 4.514137507927723
11.353553295135498 4.6464467643645015
11.019921170960634 8.048094118564306
11.026811253237906 9.031223615982876
11.00996059357297 10.024046941712944
10.70125086013098 7.485862669893008
11.353553295135498 7.353553414135498
11.016918839267015 11.01691954422858
11.461815609403676 5.308709770599369
11.5 6.00000003
11.461815608658021 6.6912903483417745
0.0 0.0
1.00000003 0.0
0.0 1.0000000300000007
0.0 2.0000000600000014
2.00000006 0.0
0.0 3.000000089500001
0.0 4.000000119000001
1.2928931713104248 5.292892932891846
1.6174194822364714 5.076368766578547
2.0 5.0
0.0 5.0000000895
1.0763688305625632 5.617419326310917
0.0 6.0000000600000005
1.0 6.0
0.0 7.000000149
1.076368780069199 6.382580548766613
0.0 8.000000238
1.292893409729004 6.707106590270996
0.0 9.000000119
0.0 10.0
1.6174194513741984 6.9236312195908525
2.0 7.0
0.0 11.0
0.0 12.0
1.0000000300000007 12.0
2.0000000600000014 12.0
3.0000000895000007 0.0
4.000000119 0.0
2.382580548792606 5.076368780006446
2.707106590270996 5.292893409729004
2.3825806423426794 6.923631181675279
2.707106828689575 6.707106590270996
3.000000089500001 12.0
4.000000119000001 12.0
5.0000000445 0.0
5.292893409729004 1.2928932905197144
5.61741948216184 1.0763687666102808
5.99999997 0.0
6.0 1.0
5.076368797628362 1.6174194037956207
5.0 2.0
5.07636878006918 2.3825805487666205
5.292893409729004 2.707106590270996
5.292893409729004 5.292893409729004
5.617419451123126 5.076368779803006
6.0 5.0
5.07636877785515 5.617419450316297
5.0 6.0
2.9236312188073503 5.617419451698736
3.0 6.0
5.617419451374196 2.923631219590861
6.0 3.0
5.076368780069181 6.3825805487666205
5.292893409729004 6.707106590270996
2.9236312437015073 6.3825804856061366
5.292893409729004 9.292893409729004
5.617419451123126 9.076368779803005
6.0 9.0
5.07636877785515 9.617419450316298
5.0 10.0
5.617419451374195 6.9236312195908605
6.0 7.0
5.07636878006918 10.38258054876662
5.292893409729004 10.707106590270996
5.0000000445 12.0
5.617419451374195 10.92363121959086
5.99999997 12.0
6.0 11.0
7.000000015 0.0
6.382580486715199 1.0763687536209838
8.000000060000001 0.0
6.707106590270996 1.2928931713104248
6.382580548792607 5.076368780006446
6.707106590270996 5.292893409729004
6.38258048722392 2.92363124760718
6.707106590270996 2.707106828689575
6.382580548792607 9.076368780006446
6.707106590270996 9.292893409729004
6.382580549301325 6.92363122122171
6.707106590270996 6.707106590270996
7.0000000149999995 12.0
6.382580549301325 10.92363122122171
8.00000006 12.0
6.707106590270996 10.707106590270996
9.000000045 0.0
10.00000003 0.0
6.923631179260907 1.6174193586573864
7.0 2.0
6.923631177769627 2.3825806407249046
9.292893409729004 5.292893409729004
9.617419451123126 5.076368779803006
10.0 5.0
9.076368777855148 5.617419450316297
9.0 6.0
6.92363121880735 5.617419451698737
7.0 6.0
9.076368780069181 6.3825805487666205
9.292893409729004 6.707106590270996
6.9236312173160455 6.382580547683545
6.92363121880735 9.617419451698735
7.0 10.0
9.617419451374197 6.9236312195908605
10.0 7.0
9.000000045 12.0
10.00000003 12.0
6.923631217316046 10.382580547683544
11.000000015 0.0
12.0 0.0
12.0 1.00000003
12.0 2.00000006
12.0 3.0000000895000007
12.0 4.000000119
10.382580548792605 5.076368780006446
10.707106590270996 5.292893409729004
12.0 8.000000238
12.0 9.000000119
12.0 10.0
10.382580549301325 6.92363122122171
10.707106590270996 6.707106590270996
11.000000015 12.0
12.0 11.0
12.0 12.0
12.0 5.000000089499999
10.923631218807351 5.617419451698737
12.0 6.00000006
11.0 6.0
12.0 7.000000149
10.923631217316046 6.3825805476835455
